ao fazer o comando de tuner, ela não retorna sinal nenhum.

efx1 ligado - desligado
MSG: sysex data=(33,37,77,80,0,0,18,0,24,0,0,0,0,1,0,0,0,0,1,0,1,0,0,0,0,0,0,0,1,13,0,2,0,0,0,5,0,1,0,7,0,0,0,0,0,0,0,0,0,0,0,0,0,0,1,1,0,0,0,0) time=0
RAW: [33, 37, 77, 80, 0, 0, 18, 0, 24, 0, 0, 0, 0, 1, 0, 0, 0, 0, 1, 0, 1, 0, 0, 0, 0, 0, 0, 0, 1, 13, 0, 2, 0, 0, 0, 5, 0, 1, 0, 7, 0, 0, 0, 0, 0, 0, 0, 0, 0, 0, 0, 0, 0, 0, 1, 1, 0, 0, 0, 0]
DECODE: Evento SysEx desconhecido (18)

efx1 desligado - ligado
MSG: sysex data=(33,37,77,80,0,0,19,0,24,0,0,0,0,1,0,0,0,0,1,0,1,0,0,0,0,0,0,0,1,13,0,2,0,0,0,5,0,1,0,7,0,0,0,0,0,0,0,1,0,0,0,0,0,0,1,1,0,0,0,0) time=0
RAW: [33, 37, 77, 80, 0, 0, 19, 0, 24, 0, 0, 0, 0, 1, 0, 0, 0, 0, 1, 0, 1, 0, 0, 0, 0, 0, 0, 0, 1, 13, 0, 2, 0, 0, 0, 5, 0, 1, 0, 7, 0, 0, 0, 0, 0, 0, 0, 1, 0, 0, 0, 0, 0, 0, 1, 1, 0, 0, 0, 0]
DECODE: Evento SysEx desconhecido (19)

drum desligado - ligado 
MSG: sysex data=(33,37,77,80,0,0,126,0,20,0,0,0,0,1,0,0,0,0,1,1,0,12,0,0,0,0,0,0,1,9,0,0,8,1,0,0,0,0,0,1,0,0,0,0,0,0,1,1,0,0,0,0) time=0
RAW: [33, 37, 77, 80, 0, 0, 126, 0, 20, 0, 0, 0, 0, 1, 0, 0, 0, 0, 1, 1, 0, 12, 0, 0, 0, 0, 0, 0, 1, 9, 0, 0, 8, 1, 0, 0, 0, 0, 0, 1, 0, 0, 0, 0, 0, 0, 1, 1, 0, 0, 0, 0]
DECODE: Evento SysEx desconhecido (126)

drum ligado - desligado
MSG: sysex data=(33,37,77,80,0,0,127,0,20,0,0,0,0,1,0,0,0,0,1,1,0,12,0,0,0,0,0,0,1,9,0,0,8,1,0,0,0,0,0,0,0,0,0,0,0,0,1,1,0,0,0,0) time=0
RAW: [33, 37, 77, 80, 0, 0, 127, 0, 20, 0, 0, 0, 0, 1, 0, 0, 0, 0, 1, 1, 0, 12, 0, 0, 0, 0, 0, 0, 1, 9, 0, 0, 8, 1, 0, 0, 0, 0, 0, 0, 0, 0, 0, 0, 0, 0, 1, 1, 0, 0, 0, 0]
DECODE: Evento SysEx desconhecido (127)