troquei do 12a para o 12b
[33, 37, 77, 80, 0, 0, 31, 0, 20, 0, 0, 0, 0, 1, 0, 0, 0, 0, 1, 0, 0, 12, 0, 0, 0, 0, 0, 0, 1, 9, 0, 1, 0, 0, 0, 10, 0, 1, 2, 13, 0, 0, 0, 0, 0, 0, 1, 1, 0, 0, 0, 0]

12b para o 12c
[33, 37, 77, 80, 0, 0, 50, 0, 20, 0, 0, 0, 0, 1, 0, 0, 0, 0, 1, 0, 0, 12, 0, 0, 0, 0, 0, 0, 1, 9, 0, 1, 0, 0, 0, 10, 0, 1, 2, 14, 0, 0, 0, 0, 0, 0, 1, 1, 0, 0, 0, 0]

12c para 12d
[33, 37, 77, 80, 0, 0, 51, 0, 20, 0, 0, 0, 0, 1, 0, 0, 0, 0, 1, 0, 0, 12, 0, 0, 0, 0, 0, 0, 1, 9, 0, 1, 0, 0, 0, 10, 0, 1, 2, 15, 0, 0, 0, 0, 0, 0, 1, 1, 0, 0, 0, 0]

12d para 13a
[33, 37, 77, 80, 0, 0, 19, 0, 20, 0, 0, 0, 0, 1, 0, 0, 0, 0, 1, 0, 0, 12, 0, 0, 0, 0, 0, 0, 1, 9, 0, 1, 0, 0, 0, 10, 0, 1, 3, 0, 0, 0, 0, 0, 0, 0, 1, 1, 0, 0, 0, 0]

13a para 13b
[33, 37, 77, 80, 0, 0, 22, 0, 20, 0, 0, 0, 0, 1, 0, 0, 0, 0, 1, 0, 0, 12, 0, 0, 0, 0, 0, 0, 1, 9, 0, 1, 0, 0, 0, 10, 0, 1, 3, 1, 0, 0, 0, 0, 0, 0, 1, 1, 0, 0, 0, 0]