dyn 1 para skreamer
LEN    : 126
EVENT  : 119
DATA8  : 57
DECODE : {'type': 'unknown', 'event': 119, 'length': 126, 'data8': 57}
RAW:
[33, 37, 77, 80, 0, 0, 119, 0, 57, 0, 0, 0, 0, 1, 0, 0, 0, 0, 1, 0, 3, 1, 0, 0, 0, 0, 0, 0, 0, 8, 0, 4, 0, 0, 0, 4, 0, 1, 15, 15, 15, 15, 0, 13, 0, 0, 0, 0, 0, 0, 15, 15, 14, 1, 0, 0, 0, 0, 2, 0, 0, 13, 0, 0, 0, 0, 0, 1, 12, 8, 4, 2, 0, 0, 0, 0, 3, 14, 0, 12, 0, 0, 2, 0, 0, 11, 4, 4, 0, 1, 0, 11, 0, 0, 0, 0, 0, 0, 0, 0, 0, 0, 0, 0, 0, 0, 0, 0, 0, 0, 0, 0, 0, 0, 0, 0, 0, 0, 0, 0, 1, 1, 0, 0, 0, 0]

================================================================================
LEN    : 128
EVENT  : 118
DATA8  : 58
DECODE : {'type': 'unknown', 'event': 118, 'length': 128, 'data8': 58}
RAW:
[33, 37, 77, 80, 0, 0, 118, 0, 58, 0, 0, 0, 0, 1, 0, 0, 0, 0, 1, 0, 3, 2, 0, 0, 0, 0, 0, 0, 0, 3, 0, 0, 0, 0, 0, 4, 0, 1, 0, 0, 15, 15, 2, 8, 0, 1, 0, 0, 0, 3, 2, 8, 2, 8, 0, 0, 0, 3, 15, 15, 0, 0, 0, 0, 0, 0, 0, 3, 0, 0, 2, 0, 0, 3, 0, 0, 0, 0, 0, 0, 0, 2, 0, 0, 0, 0, 0, 0, 0, 0, 0, 0, 0, 0, 0, 0, 0, 1, 0, 0, 0, 0, 0, 0, 0, 0, 0, 0, 0, 0, 0, 0, 0, 0, 0, 0, 0, 0, 0, 0, 0, 0, 1, 1, 0, 0, 0, 0]

skreamer para dyn1
================================================================================
LEN    : 126
EVENT  : 119
DATA8  : 57
DECODE : {'type': 'unknown', 'event': 119, 'length': 126, 'data8': 57}
RAW:
[33, 37, 77, 80, 0, 0, 119, 0, 57, 0, 0, 0, 0, 1, 0, 0, 0, 0, 1, 0, 3, 1, 0, 0, 0, 0, 0, 0, 0, 8, 0, 4, 0, 0, 0, 4, 0, 1, 15, 15, 15, 15, 0, 13, 0, 0, 0, 0, 0, 0, 15, 15, 14, 1, 0, 0, 0, 0, 2, 0, 0, 13, 0, 0, 0, 0, 0, 1, 12, 8, 4, 2, 0, 0, 0, 0, 3, 14, 0, 12, 0, 0, 2, 0, 0, 11, 4, 4, 0, 1, 0, 11, 0, 0, 0, 0, 0, 0, 0, 0, 0, 0, 0, 0, 0, 0, 0, 0, 0, 0, 0, 0, 0, 0, 0, 0, 0, 0, 0, 0, 1, 1, 0, 0, 0, 0]

================================================================================
LEN    : 108
EVENT  : 119
DATA8  : 48
DECODE : {'type': 'unknown', 'event': 119, 'length': 108, 'data8': 48}
RAW:
[33, 37, 77, 80, 0, 0, 119, 0, 48, 0, 0, 0, 0, 1, 0, 0, 0, 0, 1, 0, 2, 8, 0, 0, 0, 0, 0, 0, 0, 3, 0, 0, 0, 0, 0, 4, 0, 1, 0, 0, 15, 15, 2, 8, 0, 1, 0, 0, 0, 0, 2, 8, 2, 10, 0, 0, 15, 15, 0, 0, 2, 0, 0, 11, 0, 0, 0, 0, 0, 13, 0, 0, 0, 0, 0, 0, 0, 1, 0, 0, 0, 0, 0, 0, 0, 0, 0, 0, 0, 0, 0, 0, 0, 0, 0, 0, 0, 0, 0, 0, 0, 0, 1, 1, 0, 0, 0, 0]

dyn1 para skreamer
LEN    : 126
EVENT  : 119
DATA8  : 57
DECODE : {'type': 'unknown', 'event': 119, 'length': 126, 'data8': 57}
RAW:
[33, 37, 77, 80, 0, 0, 119, 0, 57, 0, 0, 0, 0, 1, 0, 0, 0, 0, 1, 0, 3, 1, 0, 0, 0, 0, 0, 0, 0, 8, 0, 4, 0, 0, 0, 4, 0, 1, 15, 15, 15, 15, 0, 13, 0, 0, 0, 0, 0, 0, 15, 15, 14, 1, 0, 0, 0, 0, 2, 0, 0, 13, 0, 0, 0, 0, 0, 1, 12, 8, 4, 2, 0, 0, 0, 0, 3, 14, 0, 12, 0, 0, 2, 0, 0, 11, 4, 4, 0, 1, 0, 11, 0, 0, 0, 0, 0, 0, 0, 0, 0, 0, 0, 0, 0, 0, 0, 0, 0, 0, 0, 0, 0, 0, 0, 0, 0, 0, 0, 0, 1, 1, 0, 0, 0, 0]

================================================================================
LEN    : 128
EVENT  : 118
DATA8  : 58
DECODE : {'type': 'unknown', 'event': 118, 'length': 128, 'data8': 58}
RAW:
[33, 37, 77, 80, 0, 0, 118, 0, 58, 0, 0, 0, 0, 1, 0, 0, 0, 0, 1, 0, 3, 2, 0, 0, 0, 0, 0, 0, 0, 3, 0, 0, 0, 0, 0, 4, 0, 1, 0, 0, 15, 15, 2, 8, 0, 1, 0, 0, 0, 3, 2, 8, 2, 8, 0, 0, 0, 3, 15, 15, 0, 0, 0, 0, 0, 0, 0, 3, 0, 0, 2, 0, 0, 3, 0, 0, 0, 0, 0, 0, 0, 2, 0, 0, 0, 0, 0, 0, 0, 0, 0, 0, 0, 0, 0, 0, 0, 1, 0, 0, 0, 0, 0, 0, 0, 0, 0, 0, 0, 0, 0, 0, 0, 0, 0, 0, 0, 0, 0, 0, 0, 0, 1, 1, 0, 0, 0, 0]

skreamer para dyn1
LEN    : 126
EVENT  : 119
DATA8  : 57
DECODE : {'type': 'unknown', 'event': 119, 'length': 126, 'data8': 57}
RAW:
[33, 37, 77, 80, 0, 0, 119, 0, 57, 0, 0, 0, 0, 1, 0, 0, 0, 0, 1, 0, 3, 1, 0, 0, 0, 0, 0, 0, 0, 8, 0, 4, 0, 0, 0, 4, 0, 1, 15, 15, 15, 15, 0, 13, 0, 0, 0, 0, 0, 0, 15, 15, 14, 1, 0, 0, 0, 0, 2, 0, 0, 13, 0, 0, 0, 0, 0, 1, 12, 8, 4, 2, 0, 0, 0, 0, 3, 14, 0, 12, 0, 0, 2, 0, 0, 11, 4, 4, 0, 1, 0, 11, 0, 0, 0, 0, 0, 0, 0, 0, 0, 0, 0, 0, 0, 0, 0, 0, 0, 0, 0, 0, 0, 0, 0, 0, 0, 0, 0, 0, 1, 1, 0, 0, 0, 0]

================================================================================
LEN    : 108
EVENT  : 119
DATA8  : 48
DECODE : {'type': 'unknown', 'event': 119, 'length': 108, 'data8': 48}
RAW:
[33, 37, 77, 80, 0, 0, 119, 0, 48, 0, 0, 0, 0, 1, 0, 0, 0, 0, 1, 0, 2, 8, 0, 0, 0, 0, 0, 0, 0, 3, 0, 0, 0, 0, 0, 4, 0, 1, 0, 0, 15, 15, 2, 8, 0, 1, 0, 0, 0, 0, 2, 8, 2, 10, 0, 0, 15, 15, 0, 0, 2, 0, 0, 11, 0, 0, 0, 0, 0, 13, 0, 0, 0, 0, 0, 0, 0, 1, 0, 0, 0, 0, 0, 0, 0, 0, 0, 0, 0, 0, 0, 0, 0, 0, 0, 0, 0, 0, 0, 0, 0, 0, 1, 1, 0, 0, 0, 0]






comp1 para comp2
LEN    : 126
EVENT  : 119
DATA8  : 57
DECODE : {'type': 'unknown', 'event': 119, 'length': 126, 'data8': 57}
RAW:
[33, 37, 77, 80, 0, 0, 119, 0, 57, 0, 0, 0, 0, 1, 0, 0, 0, 0, 1, 0, 3, 1, 0, 0, 0, 0, 0, 0, 0, 8, 0, 4, 0, 0, 0, 4, 0, 1, 15, 15, 15, 15, 0, 13, 0, 0, 0, 0, 0, 0, 15, 15, 14, 1, 0, 0, 0, 0, 2, 0, 0, 13, 0, 0, 0, 0, 0, 1, 12, 8, 4, 2, 0, 0, 0, 0, 3, 14, 0, 12, 0, 0, 2, 0, 0, 11, 4, 4, 0, 1, 0, 11, 0, 0, 0, 0, 0, 0, 0, 0, 0, 0, 0, 0, 0, 0, 0, 0, 0, 0, 0, 0, 0, 0, 0, 0, 0, 0, 0, 0, 1, 1, 0, 0, 0, 0]

================================================================================
LEN    : 108
EVENT  : 118
DATA8  : 48
DECODE : {'type': 'unknown', 'event': 118, 'length': 108, 'data8': 48}
RAW:
[33, 37, 77, 80, 0, 0, 118, 0, 48, 0, 0, 0, 0, 1, 0, 0, 0, 0, 1, 0, 2, 8, 0, 0, 0, 0, 0, 0, 0, 3, 0, 0, 0, 0, 0, 4, 0, 1, 0, 0, 15, 15, 2, 8, 0, 1, 0, 0, 0, 0, 2, 8, 2, 11, 0, 0, 15, 15, 0, 1, 0, 0, 2, 0, 0, 11, 0, 0, 0, 0, 0, 12, 0, 0, 0, 0, 0, 1, 0, 0, 0, 0, 0, 0, 0, 0, 0, 0, 0, 0, 0, 0, 0, 0, 0, 0, 0, 0, 0, 0, 0, 0, 1, 1, 0, 0, 0, 0]

comp2 para comp1
LEN    : 126
EVENT  : 119
DATA8  : 57
DECODE : {'type': 'unknown', 'event': 119, 'length': 126, 'data8': 57}
RAW:
[33, 37, 77, 80, 0, 0, 119, 0, 57, 0, 0, 0, 0, 1, 0, 0, 0, 0, 1, 0, 3, 1, 0, 0, 0, 0, 0, 0, 0, 8, 0, 4, 0, 0, 0, 4, 0, 1, 15, 15, 15, 15, 0, 13, 0, 0, 0, 0, 0, 0, 15, 15, 14, 1, 0, 0, 0, 0, 2, 0, 0, 13, 0, 0, 0, 0, 0, 1, 12, 8, 4, 2, 0, 0, 0, 0, 3, 14, 0, 12, 0, 0, 2, 0, 0, 11, 4, 4, 0, 1, 0, 11, 0, 0, 0, 0, 0, 0, 0, 0, 0, 0, 0, 0, 0, 0, 0, 0, 0, 0, 0, 0, 0, 0, 0, 0, 0, 0, 0, 0, 1, 1, 0, 0, 0, 0]

================================================================================
LEN    : 108
EVENT  : 119
DATA8  : 48
DECODE : {'type': 'unknown', 'event': 119, 'length': 108, 'data8': 48}
RAW:
[33, 37, 77, 80, 0, 0, 119, 0, 48, 0, 0, 0, 0, 1, 0, 0, 0, 0, 1, 0, 2, 8, 0, 0, 0, 0, 0, 0, 0, 3, 0, 0, 0, 0, 0, 4, 0, 1, 0, 0, 15, 15, 2, 8, 0, 1, 0, 0, 0, 0, 2, 8, 2, 10, 0, 0, 15, 15, 0, 0, 2, 0, 0, 11, 0, 0, 0, 0, 0, 13, 0, 0, 0, 0, 0, 0, 0, 1, 0, 0, 0, 0, 0, 0, 0, 0, 0, 0, 0, 0, 0, 0, 0, 0, 0, 0, 0, 0, 0, 0, 0, 0, 1, 1, 0, 0, 0, 

comp1 para comp2
LEN    : 126
EVENT  : 119
DATA8  : 57
DECODE : {'type': 'unknown', 'event': 119, 'length': 126, 'data8': 57}
RAW:
[33, 37, 77, 80, 0, 0, 119, 0, 57, 0, 0, 0, 0, 1, 0, 0, 0, 0, 1, 0, 3, 1, 0, 0, 0, 0, 0, 0, 0, 8, 0, 4, 0, 0, 0, 4, 0, 1, 15, 15, 15, 15, 0, 13, 0, 0, 0, 0, 0, 0, 15, 15, 14, 1, 0, 0, 0, 0, 2, 0, 0, 13, 0, 0, 0, 0, 0, 1, 12, 8, 4, 2, 0, 0, 0, 0, 3, 14, 0, 12, 0, 0, 2, 0, 0, 11, 4, 4, 0, 1, 0, 11, 0, 0, 0, 0, 0, 0, 0, 0, 0, 0, 0, 0, 0, 0, 0, 0, 0, 0, 0, 0, 0, 0, 0, 0, 0, 0, 0, 0, 1, 1, 0, 0, 0, 0]

================================================================================
LEN    : 108
EVENT  : 118
DATA8  : 48
DECODE : {'type': 'unknown', 'event': 118, 'length': 108, 'data8': 48}
RAW:
[33, 37, 77, 80, 0, 0, 118, 0, 48, 0, 0, 0, 0, 1, 0, 0, 0, 0, 1, 0, 2, 8, 0, 0, 0, 0, 0, 0, 0, 3, 0, 0, 0, 0, 0, 4, 0, 1, 0, 0, 15, 15, 2, 8, 0, 1, 0, 0, 0, 0, 2, 8, 2, 11, 0, 0, 15, 15, 0, 1, 0, 0, 2, 0, 0, 11, 0, 0, 0, 0, 0, 12, 0, 0, 0, 0, 0, 1, 0, 0, 0, 0, 0, 0, 0, 0, 0, 0, 0, 0, 0, 0, 0, 0, 0, 0, 0, 0, 0, 0, 0, 0, 1, 1, 0, 0, 0, 0]

comp2 para comp1
LEN    : 126
EVENT  : 119
DATA8  : 57
DECODE : {'type': 'unknown', 'event': 119, 'length': 126, 'data8': 57}
RAW:
[33, 37, 77, 80, 0, 0, 119, 0, 57, 0, 0, 0, 0, 1, 0, 0, 0, 0, 1, 0, 3, 1, 0, 0, 0, 0, 0, 0, 0, 8, 0, 4, 0, 0, 0, 4, 0, 1, 15, 15, 15, 15, 0, 13, 0, 0, 0, 0, 0, 0, 15, 15, 14, 1, 0, 0, 0, 0, 2, 0, 0, 13, 0, 0, 0, 0, 0, 1, 12, 8, 4, 2, 0, 0, 0, 0, 3, 14, 0, 12, 0, 0, 2, 0, 0, 11, 4, 4, 0, 1, 0, 11, 0, 0, 0, 0, 0, 0, 0, 0, 0, 0, 0, 0, 0, 0, 0, 0, 0, 0, 0, 0, 0, 0, 0, 0, 0, 0, 0, 0, 1, 1, 0, 0, 0, 0]

================================================================================
LEN    : 108
EVENT  : 119
DATA8  : 48
DECODE : {'type': 'unknown', 'event': 119, 'length': 108, 'data8': 48}
RAW:
[33, 37, 77, 80, 0, 0, 119, 0, 48, 0, 0, 0, 0, 1, 0, 0, 0, 0, 1, 0, 2, 8, 0, 0, 0, 0, 0, 0, 0, 3, 0, 0, 0, 0, 0, 4, 0, 1, 0, 0, 15, 15, 2, 8, 0, 1, 0, 0, 0, 0, 2, 8, 2, 10, 0, 0, 15, 15, 0, 0, 2, 0, 0, 11, 0, 0, 0, 0, 0, 13, 0, 0, 0, 0, 0, 0, 0, 1, 0, 0, 0, 0, 0, 0, 0, 0, 0, 0, 0, 0, 0, 0, 0, 0, 0, 0, 0, 0, 0, 0, 0, 0, 1, 1, 0, 0, 0, 0]



comp1 para comp2
LEN    : 126
EVENT  : 119
DATA8  : 57
DECODE : {'type': 'unknown', 'event': 119, 'length': 126, 'data8': 57}
RAW:
[33, 37, 77, 80, 0, 0, 119, 0, 57, 0, 0, 0, 0, 1, 0, 0, 0, 0, 1, 0, 3, 1, 0, 0, 0, 0, 0, 0, 0, 8, 0, 4, 0, 0, 0, 4, 0, 1, 15, 15, 15, 15, 0, 13, 0, 0, 0, 0, 0, 0, 15, 15, 14, 1, 0, 0, 0, 0, 2, 0, 0, 13, 0, 0, 0, 0, 0, 1, 12, 8, 4, 2, 0, 0, 0, 0, 3, 14, 0, 12, 0, 0, 2, 0, 0, 11, 4, 4, 0, 1, 0, 11, 0, 0, 0, 0, 0, 0, 0, 0, 0, 0, 0, 0, 0, 0, 0, 0, 0, 0, 0, 0, 0, 0, 0, 0, 0, 0, 0, 0, 1, 1, 0, 0, 0, 0]

================================================================================
LEN    : 108
EVENT  : 118
DATA8  : 48
DECODE : {'type': 'unknown', 'event': 118, 'length': 108, 'data8': 48}
RAW:
[33, 37, 77, 80, 0, 0, 118, 0, 48, 0, 0, 0, 0, 1, 0, 0, 0, 0, 1, 0, 2, 8, 0, 0, 0, 0, 0, 0, 0, 3, 0, 0, 0, 0, 0, 4, 0, 1, 0, 0, 15, 15, 2, 8, 0, 1, 0, 0, 0, 0, 2, 8, 2, 11, 0, 0, 15, 15, 0, 1, 0, 0, 2, 0, 0, 11, 0, 0, 0, 0, 0, 12, 0, 0, 0, 0, 0, 1, 0, 0, 0, 0, 0, 0, 0, 0, 0, 0, 0, 0, 0, 0, 0, 0, 0, 0, 0, 0, 0, 0, 0, 0, 1, 1, 0, 0, 0, 0]

comp2 para comp3
LEN    : 126
EVENT  : 119
DATA8  : 57
DECODE : {'type': 'unknown', 'event': 119, 'length': 126, 'data8': 57}
RAW:
[33, 37, 77, 80, 0, 0, 119, 0, 57, 0, 0, 0, 0, 1, 0, 0, 0, 0, 1, 0, 3, 1, 0, 0, 0, 0, 0, 0, 0, 8, 0, 4, 0, 0, 0, 4, 0, 1, 15, 15, 15, 15, 0, 13, 0, 0, 0, 0, 0, 0, 15, 15, 14, 1, 0, 0, 0, 0, 2, 0, 0, 13, 0, 0, 0, 0, 0, 1, 12, 8, 4, 2, 0, 0, 0, 0, 3, 14, 0, 12, 0, 0, 2, 0, 0, 11, 4, 4, 0, 1, 0, 11, 0, 0, 0, 0, 0, 0, 0, 0, 0, 0, 0, 0, 0, 0, 0, 0, 0, 0, 0, 0, 0, 0, 0, 0, 0, 0, 0, 0, 1, 1, 0, 0, 0, 0]

================================================================================
LEN    : 108
EVENT  : 122
DATA8  : 48
DECODE : {'type': 'unknown', 'event': 122, 'length': 108, 'data8': 48}
RAW:
[33, 37, 77, 80, 0, 0, 122, 0, 48, 0, 0, 0, 0, 1, 0, 0, 0, 0, 1, 0, 2, 8, 0, 0, 0, 0, 0, 0, 0, 3, 0, 0, 0, 0, 0, 4, 0, 1, 0, 0, 15, 15, 2, 8, 0, 1, 0, 0, 0, 0, 2, 8, 2, 11, 0, 0, 15, 15, 0, 3, 0, 0, 2, 0, 0, 11, 0, 0, 0, 0, 0, 12, 0, 0, 0, 0, 0, 1, 0, 0, 0, 0, 0, 0, 0, 0, 0, 0, 0, 0, 0, 0, 0, 0, 0, 0, 0, 0, 0, 0, 0, 0, 1, 1, 0, 0, 0, 0]

comp3 para comp1
LEN    : 126
EVENT  : 119
DATA8  : 57
DECODE : {'type': 'unknown', 'event': 119, 'length': 126, 'data8': 57}
RAW:
[33, 37, 77, 80, 0, 0, 119, 0, 57, 0, 0, 0, 0, 1, 0, 0, 0, 0, 1, 0, 3, 1, 0, 0, 0, 0, 0, 0, 0, 8, 0, 4, 0, 0, 0, 4, 0, 1, 15, 15, 15, 15, 0, 13, 0, 0, 0, 0, 0, 0, 15, 15, 14, 1, 0, 0, 0, 0, 2, 0, 0, 13, 0, 0, 0, 0, 0, 1, 12, 8, 4, 2, 0, 0, 0, 0, 3, 14, 0, 12, 0, 0, 2, 0, 0, 11, 4, 4, 0, 1, 0, 11, 0, 0, 0, 0, 0, 0, 0, 0, 0, 0, 0, 0, 0, 0, 0, 0, 0, 0, 0, 0, 0, 0, 0, 0, 0, 0, 0, 0, 1, 1, 0, 0, 0, 0]

================================================================================
LEN    : 108
EVENT  : 119
DATA8  : 48
DECODE : {'type': 'unknown', 'event': 119, 'length': 108, 'data8': 48}
RAW:
[33, 37, 77, 80, 0, 0, 119, 0, 48, 0, 0, 0, 0, 1, 0, 0, 0, 0, 1, 0, 2, 8, 0, 0, 0, 0, 0, 0, 0, 3, 0, 0, 0, 0, 0, 4, 0, 1, 0, 0, 15, 15, 2, 8, 0, 1, 0, 0, 0, 0, 2, 8, 2, 10, 0, 0, 15, 15, 0, 0, 2, 0, 0, 11, 0, 0, 0, 0, 0, 13, 0, 0, 0, 0, 0, 0, 0, 1, 0, 0, 0, 0, 0, 0, 0, 0, 0, 0, 0, 0, 0, 0, 0, 0, 0, 0, 0, 0, 0, 0, 0, 0, 1, 1, 0, 0, 0, 0]

comp1 para comp3
LEN    : 126
EVENT  : 119
DATA8  : 57
DECODE : {'type': 'unknown', 'event': 119, 'length': 126, 'data8': 57}
RAW:
[33, 37, 77, 80, 0, 0, 119, 0, 57, 0, 0, 0, 0, 1, 0, 0, 0, 0, 1, 0, 3, 1, 0, 0, 0, 0, 0, 0, 0, 8, 0, 4, 0, 0, 0, 4, 0, 1, 15, 15, 15, 15, 0, 13, 0, 0, 0, 0, 0, 0, 15, 15, 14, 1, 0, 0, 0, 0, 2, 0, 0, 13, 0, 0, 0, 0, 0, 1, 12, 8, 4, 2, 0, 0, 0, 0, 3, 14, 0, 12, 0, 0, 2, 0, 0, 11, 4, 4, 0, 1, 0, 11, 0, 0, 0, 0, 0, 0, 0, 0, 0, 0, 0, 0, 0, 0, 0, 0, 0, 0, 0, 0, 0, 0, 0, 0, 0, 0, 0, 0, 1, 1, 0, 0, 0, 0]

================================================================================
LEN    : 108
EVENT  : 122
DATA8  : 48
DECODE : {'type': 'unknown', 'event': 122, 'length': 108, 'data8': 48}
RAW:
[33, 37, 77, 80, 0, 0, 122, 0, 48, 0, 0, 0, 0, 1, 0, 0, 0, 0, 1, 0, 2, 8, 0, 0, 0, 0, 0, 0, 0, 3, 0, 0, 0, 0, 0, 4, 0, 1, 0, 0, 15, 15, 2, 8, 0, 1, 0, 0, 0, 0, 2, 8, 2, 11, 0, 0, 15, 15, 0, 3, 0, 0, 2, 0, 0, 11, 0, 0, 0, 0, 0, 12, 0, 0, 0, 0, 0, 1, 0, 0, 0, 0, 0, 0, 0, 0, 0, 0, 0, 0, 0, 0, 0, 0, 0, 0, 0, 0, 0, 0, 0, 0, 1, 1, 0, 0, 0, 0]

comp3 para comp2
LEN    : 126
EVENT  : 119
DATA8  : 57
DECODE : {'type': 'unknown', 'event': 119, 'length': 126, 'data8': 57}
RAW:
[33, 37, 77, 80, 0, 0, 119, 0, 57, 0, 0, 0, 0, 1, 0, 0, 0, 0, 1, 0, 3, 1, 0, 0, 0, 0, 0, 0, 0, 8, 0, 4, 0, 0, 0, 4, 0, 1, 15, 15, 15, 15, 0, 13, 0, 0, 0, 0, 0, 0, 15, 15, 14, 1, 0, 0, 0, 0, 2, 0, 0, 13, 0, 0, 0, 0, 0, 1, 12, 8, 4, 2, 0, 0, 0, 0, 3, 14, 0, 12, 0, 0, 2, 0, 0, 11, 4, 4, 0, 1, 0, 11, 0, 0, 0, 0, 0, 0, 0, 0, 0, 0, 0, 0, 0, 0, 0, 0, 0, 0, 0, 0, 0, 0, 0, 0, 0, 0, 0, 0, 1, 1, 0, 0, 0, 0]

================================================================================
LEN    : 108
EVENT  : 118
DATA8  : 48
DECODE : {'type': 'unknown', 'event': 118, 'length': 108, 'data8': 48}
RAW:
[33, 37, 77, 80, 0, 0, 118, 0, 48, 0, 0, 0, 0, 1, 0, 0, 0, 0, 1, 0, 2, 8, 0, 0, 0, 0, 0, 0, 0, 3, 0, 0, 0, 0, 0, 4, 0, 1, 0, 0, 15, 15, 2, 8, 0, 1, 0, 0, 0, 0, 2, 8, 2, 11, 0, 0, 15, 15, 0, 1, 0, 0, 2, 0, 0, 11, 0, 0, 0, 0, 0, 12, 0, 0, 0, 0, 0, 1, 0, 0, 0, 0, 0, 0, 0, 0, 0, 0, 0, 0, 0, 0, 0, 0, 0, 0, 0, 0, 0, 0, 0, 0, 1, 1, 0, 0, 0, 0]


comp3 para m-boost
LEN    : 126
EVENT  : 119
DATA8  : 57
DECODE : {'type': 'unknown', 'event': 119, 'length': 126, 'data8': 57}
RAW:
[33, 37, 77, 80, 0, 0, 119, 0, 57, 0, 0, 0, 0, 1, 0, 0, 0, 0, 1, 0, 3, 1, 0, 0, 0, 0, 0, 0, 0, 8, 0, 4, 0, 0, 0, 4, 0, 1, 15, 15, 15, 15, 0, 13, 0, 0, 0, 0, 0, 0, 15, 15, 14, 1, 0, 0, 0, 0, 2, 0, 0, 13, 0, 0, 0, 0, 0, 1, 12, 8, 4, 2, 0, 0, 0, 0, 3, 14, 0, 12, 0, 0, 2, 0, 0, 11, 4, 4, 0, 1, 0, 11, 0, 0, 0, 0, 0, 0, 0, 0, 0, 0, 0, 0, 0, 0, 0, 0, 0, 0, 0, 0, 0, 0, 0, 0, 0, 0, 0, 0, 1, 1, 0, 0, 0, 0]

================================================================================
LEN    : 108
EVENT  : 122
DATA8  : 48
DECODE : {'type': 'unknown', 'event': 122, 'length': 108, 'data8': 48}
RAW:
[33, 37, 77, 80, 0, 0, 122, 0, 48, 0, 0, 0, 0, 1, 0, 0, 0, 0, 1, 0, 2, 8, 0, 0, 0, 0, 0, 0, 0, 3, 0, 0, 0, 0, 0, 4, 0, 1, 0, 0, 15, 15, 2, 8, 0, 1, 0, 0, 0, 0, 2, 8, 2, 11, 0, 0, 15, 15, 1, 4, 0, 0, 2, 0, 0, 11, 0, 0, 0, 0, 0, 12, 0, 0, 0, 0, 0, 1, 0, 0, 0, 0, 0, 0, 0, 0, 0, 0, 0, 0, 0, 0, 0, 0, 0, 0, 0, 0, 0, 0, 0, 0, 1, 1, 0, 0, 0, 0]

m-boost para comp3
LEN    : 126
EVENT  : 119
DATA8  : 57
DECODE : {'type': 'unknown', 'event': 119, 'length': 126, 'data8': 57}
RAW:
[33, 37, 77, 80, 0, 0, 119, 0, 57, 0, 0, 0, 0, 1, 0, 0, 0, 0, 1, 0, 3, 1, 0, 0, 0, 0, 0, 0, 0, 8, 0, 4, 0, 0, 0, 4, 0, 1, 15, 15, 15, 15, 0, 13, 0, 0, 0, 0, 0, 0, 15, 15, 14, 1, 0, 0, 0, 0, 2, 0, 0, 13, 0, 0, 0, 0, 0, 1, 12, 8, 4, 2, 0, 0, 0, 0, 3, 14, 0, 12, 0, 0, 2, 0, 0, 11, 4, 4, 0, 1, 0, 11, 0, 0, 0, 0, 0, 0, 0, 0, 0, 0, 0, 0, 0, 0, 0, 0, 0, 0, 0, 0, 0, 0, 0, 0, 0, 0, 0, 0, 1, 1, 0, 0, 0, 0]

================================================================================
LEN    : 108
EVENT  : 122
DATA8  : 48
DECODE : {'type': 'unknown', 'event': 122, 'length': 108, 'data8': 48}
RAW:
[33, 37, 77, 80, 0, 0, 122, 0, 48, 0, 0, 0, 0, 1, 0, 0, 0, 0, 1, 0, 2, 8, 0, 0, 0, 0, 0, 0, 0, 3, 0, 0, 0, 0, 0, 4, 0, 1, 0, 0, 15, 15, 2, 8, 0, 1, 0, 0, 0, 0, 2, 8, 2, 11, 0, 0, 15, 15, 0, 3, 0, 0, 2, 0, 0, 11, 0, 0, 0, 0, 0, 12, 0, 0, 0, 0, 0, 1, 0, 0, 0, 0, 0, 0, 0, 0, 0, 0, 0, 0, 0, 0, 0, 0, 0, 0, 0, 0, 0, 0, 0, 0, 1, 1, 0, 0, 0, 0]


m-boost para e-boost
LEN    : 126
EVENT  : 119
DATA8  : 57
DECODE : {'type': 'unknown', 'event': 119, 'length': 126, 'data8': 57}
RAW:
[33, 37, 77, 80, 0, 0, 119, 0, 57, 0, 0, 0, 0, 1, 0, 0, 0, 0, 1, 0, 3, 1, 0, 0, 0, 0, 0, 0, 0, 8, 0, 4, 0, 0, 0, 4, 0, 1, 15, 15, 15, 15, 0, 13, 0, 0, 0, 0, 0, 0, 15, 15, 14, 1, 0, 0, 0, 0, 2, 0, 0, 13, 0, 0, 0, 0, 0, 1, 12, 8, 4, 2, 0, 0, 0, 0, 3, 14, 0, 12, 0, 0, 2, 0, 0, 11, 4, 4, 0, 1, 0, 11, 0, 0, 0, 0, 0, 0, 0, 0, 0, 0, 0, 0, 0, 0, 0, 0, 0, 0, 0, 0, 0, 0, 0, 0, 0, 0, 0, 0, 1, 1, 0, 0, 0, 0]

================================================================================
LEN    : 108
EVENT  : 18
DATA8  : 48
DECODE : {'type': 'unknown', 'event': 18, 'length': 108, 'data8': 48}
RAW:
[33, 37, 77, 80, 0, 0, 18, 0, 48, 0, 0, 0, 0, 1, 0, 0, 0, 0, 1, 0, 2, 8, 0, 0, 0, 0, 0, 0, 0, 3, 0, 0, 0, 0, 0, 4, 0, 1, 0, 0, 15, 15, 2, 8, 0, 1, 0, 0, 0, 0, 2, 8, 2, 11, 0, 0, 15, 15, 1, 10, 0, 0, 2, 0, 0, 11, 0, 0, 0, 0, 0, 12, 0, 0, 0, 0, 0, 1, 0, 0, 0, 0, 0, 0, 0, 0, 0, 0, 0, 0, 0, 0, 0, 0, 0, 0, 0, 0, 0, 0, 0, 0, 1, 1, 0, 0, 0, 0]

e-boost - m-boost
LEN    : 126
EVENT  : 119
DATA8  : 57
DECODE : {'type': 'unknown', 'event': 119, 'length': 126, 'data8': 57}
RAW:
[33, 37, 77, 80, 0, 0, 119, 0, 57, 0, 0, 0, 0, 1, 0, 0, 0, 0, 1, 0, 3, 1, 0, 0, 0, 0, 0, 0, 0, 8, 0, 4, 0, 0, 0, 4, 0, 1, 15, 15, 15, 15, 0, 13, 0, 0, 0, 0, 0, 0, 15, 15, 14, 1, 0, 0, 0, 0, 2, 0, 0, 13, 0, 0, 0, 0, 0, 1, 12, 8, 4, 2, 0, 0, 0, 0, 3, 14, 0, 12, 0, 0, 2, 0, 0, 11, 4, 4, 0, 1, 0, 11, 0, 0, 0, 0, 0, 0, 0, 0, 0, 0, 0, 0, 0, 0, 0, 0, 0, 0, 0, 0, 0, 0, 0, 0, 0, 0, 0, 0, 1, 1, 0, 0, 0, 0]

================================================================================
LEN    : 108
EVENT  : 122
DATA8  : 48
DECODE : {'type': 'unknown', 'event': 122, 'length': 108, 'data8': 48}
RAW:
[33, 37, 77, 80, 0, 0, 122, 0, 48, 0, 0, 0, 0, 1, 0, 0, 0, 0, 1, 0, 2, 8, 0, 0, 0, 0, 0, 0, 0, 3, 0, 0, 0, 0, 0, 4, 0, 1, 0, 0, 15, 15, 2, 8, 0, 1, 0, 0, 0, 0, 2, 8, 2, 11, 0, 0, 15, 15, 1, 4, 0, 0, 2, 0, 0, 11, 0, 0, 0, 0, 0, 12, 0, 0, 0, 0, 0, 1, 0, 0, 0, 0, 0, 0, 0, 0, 0, 0, 0, 0, 0, 0, 0, 0, 0, 0, 0, 0, 0, 0, 0, 0, 1, 1, 0, 0, 0, 0]

m-boost - e-boost
LEN    : 126
EVENT  : 119
DATA8  : 57
DECODE : {'type': 'unknown', 'event': 119, 'length': 126, 'data8': 57}
RAW:
[33, 37, 77, 80, 0, 0, 119, 0, 57, 0, 0, 0, 0, 1, 0, 0, 0, 0, 1, 0, 3, 1, 0, 0, 0, 0, 0, 0, 0, 8, 0, 4, 0, 0, 0, 4, 0, 1, 15, 15, 15, 15, 0, 13, 0, 0, 0, 0, 0, 0, 15, 15, 14, 1, 0, 0, 0, 0, 2, 0, 0, 13, 0, 0, 0, 0, 0, 1, 12, 8, 4, 2, 0, 0, 0, 0, 3, 14, 0, 12, 0, 0, 2, 0, 0, 11, 4, 4, 0, 1, 0, 11, 0, 0, 0, 0, 0, 0, 0, 0, 0, 0, 0, 0, 0, 0, 0, 0, 0, 0, 0, 0, 0, 0, 0, 0, 0, 0, 0, 0, 1, 1, 0, 0, 0, 0]

================================================================================
LEN    : 108
EVENT  : 18
DATA8  : 48
DECODE : {'type': 'unknown', 'event': 18, 'length': 108, 'data8': 48}
RAW:
[33, 37, 77, 80, 0, 0, 18, 0, 48, 0, 0, 0, 0, 1, 0, 0, 0, 0, 1, 0, 2, 8, 0, 0, 0, 0, 0, 0, 0, 3, 0, 0, 0, 0, 0, 4, 0, 1, 0, 0, 15, 15, 2, 8, 0, 1, 0, 0, 0, 0, 2, 8, 2, 11, 0, 0, 15, 15, 1, 10, 0, 0, 2, 0, 0, 11, 0, 0, 0, 0, 0, 12, 0, 0, 0, 0, 0, 1, 0, 0, 0, 0, 0, 0, 0, 0, 0, 0, 0, 0, 0, 0, 0, 0, 0, 0, 0, 0, 0, 0, 0, 0, 1, 1, 0, 0, 0, 0]

e-boost - ac-boost
LEN    : 126
EVENT  : 119
DATA8  : 57
DECODE : {'type': 'unknown', 'event': 119, 'length': 126, 'data8': 57}
RAW:
[33, 37, 77, 80, 0, 0, 119, 0, 57, 0, 0, 0, 0, 1, 0, 0, 0, 0, 1, 0, 3, 1, 0, 0, 0, 0, 0, 0, 0, 8, 0, 4, 0, 0, 0, 4, 0, 1, 15, 15, 15, 15, 0, 13, 0, 0, 0, 0, 0, 0, 15, 15, 14, 1, 0, 0, 0, 0, 2, 0, 0, 13, 0, 0, 0, 0, 0, 1, 12, 8, 4, 2, 0, 0, 0, 0, 3, 14, 0, 12, 0, 0, 2, 0, 0, 11, 4, 4, 0, 1, 0, 11, 0, 0, 0, 0, 0, 0, 0, 0, 0, 0, 0, 0, 0, 0, 0, 0, 0, 0, 0, 0, 0, 0, 0, 0, 0, 0, 0, 0, 1, 1, 0, 0, 0, 0]

================================================================================
LEN    : 108
EVENT  : 127
DATA8  : 48
DECODE : {'type': 'unknown', 'event': 127, 'length': 108, 'data8': 48}
RAW:
[33, 37, 77, 80, 0, 0, 127, 0, 48, 0, 0, 0, 0, 1, 0, 0, 0, 0, 1, 0, 2, 8, 0, 0, 0, 0, 0, 0, 0, 3, 0, 0, 0, 0, 0, 4, 0, 1, 0, 0, 15, 15, 2, 8, 0, 1, 0, 0, 0, 0, 2, 8, 2, 11, 0, 0, 15, 15, 0, 10, 0, 0, 2, 0, 0, 11, 0, 0, 0, 0, 0, 12, 0, 0, 0, 0, 0, 1, 0, 0, 0, 0, 0, 0, 0, 0, 0, 0, 0, 0, 0, 0, 0, 0, 0, 0, 0, 0, 0, 0, 0, 0, 1, 1, 0, 0, 0, 0]

ac-boost - e-boost
LEN    : 126
EVENT  : 119
DATA8  : 57
DECODE : {'type': 'unknown', 'event': 119, 'length': 126, 'data8': 57}
RAW:
[33, 37, 77, 80, 0, 0, 119, 0, 57, 0, 0, 0, 0, 1, 0, 0, 0, 0, 1, 0, 3, 1, 0, 0, 0, 0, 0, 0, 0, 8, 0, 4, 0, 0, 0, 4, 0, 1, 15, 15, 15, 15, 0, 13, 0, 0, 0, 0, 0, 0, 15, 15, 14, 1, 0, 0, 0, 0, 2, 0, 0, 13, 0, 0, 0, 0, 0, 1, 12, 8, 4, 2, 0, 0, 0, 0, 3, 14, 0, 12, 0, 0, 2, 0, 0, 11, 4, 4, 0, 1, 0, 11, 0, 0, 0, 0, 0, 0, 0, 0, 0, 0, 0, 0, 0, 0, 0, 0, 0, 0, 0, 0, 0, 0, 0, 0, 0, 0, 0, 0, 1, 1, 0, 0, 0, 0]

================================================================================
LEN    : 108
EVENT  : 18
DATA8  : 48
DECODE : {'type': 'unknown', 'event': 18, 'length': 108, 'data8': 48}
RAW:
[33, 37, 77, 80, 0, 0, 18, 0, 48, 0, 0, 0, 0, 1, 0, 0, 0, 0, 1, 0, 2, 8, 0, 0, 0, 0, 0, 0, 0, 3, 0, 0, 0, 0, 0, 4, 0, 1, 0, 0, 15, 15, 2, 8, 0, 1, 0, 0, 0, 0, 2, 8, 2, 11, 0, 0, 15, 15, 1, 10, 0, 0, 2, 0, 0, 11, 0, 0, 0, 0, 0, 12, 0, 0, 0, 0, 0, 1, 0, 0, 0, 0, 0, 0, 0, 0, 0, 0, 0, 0, 0, 0, 0, 0, 0, 0, 0, 0, 0, 0, 0, 0, 1, 1, 0, 0, 0, 0]