efx 1 ligado - desligado
sysex data=(33,37,77,80,0,0,127,0,20,0,0,0,0,1,0,0,0,0,1,1,0,12,0,0,0,0,0,0,1,9,0,0,0,8,0,0,0,0,0,1,0,0,0,0,0,0,1,1,0,0,0,0) time=0
sysex data=(33,37,77,80,0,0,18,0,24,0,0,0,0,1,0,0,0,0,1,0,1,0,0,0,0,0,0,0,1,13,0,2,0,0,0,5,0,1,0,5,0,0,0,0,0,0,0,0,0,0,0,0,0,0,1,1,0,0,0,0) time=0

efx1 desligado - ligado
sysex data=(33,37,77,80,0,0,19,0,24,0,0,0,0,1,0,0,0,0,1,0,1,0,0,0,0,0,0,0,1,13,0,2,0,0,0,5,0,1,0,5,0,0,0,0,0,0,0,1,0,0,0,0,0,0,1,1,0,0,0,0) time=0

efx2 ligado - desligado
sysex data=(33,37,77,80,0,0,127,0,24,0,0,0,0,1,0,0,0,0,1,0,1,0,0,0,0,0,0,0,1,13,0,2,0,0,0,5,0,1,0,4,0,0,0,0,0,0,0,0,0,0,0,0,0,0,1,1,0,0,0,0) time=0
efx2 desligad - ligado
sysex data=(33,37,77,80,0,0,18,0,24,0,0,0,0,1,0,0,0,0,1,0,1,0,0,0,0,0,0,0,1,13,0,2,0,0,0,5,0,1,0,4,0,0,0,0,0,0,0,1,0,0,0,0,0,0,1,1,0,0,0,0) time=0

efx3 ligado - desligado
sysex data=(33,37,77,80,0,0,126,0,24,0,0,0,0,1,0,0,0,0,1,0,1,0,0,0,0,0,0,0,1,13,0,2,0,0,0,5,0,1,0,3,0,0,0,0,0,0,0,0,0,0,0,0,0,0,1,1,0,0,0,0) time=0
efx desligado - ligado
sysex data=(33,37,77,80,0,0,127,0,24,0,0,0,0,1,0,0,0,0,1,0,1,0,0,0,0,0,0,0,1,13,0,2,0,0,0,5,0,1,0,3,0,0,0,0,0,0,0,1,0,0,0,0,0,0,1,1,0,0,0,0) time=0


aqui vamos tentar trabalhar de outra maneira. 1 preset com 1 efeito no primeiro slot de efx da pedaleira apenas porem vamos alterar esse efeito vamos começar com
categoria DYN, efeito COMP1
ESTA DESLIGADO E VOU LIGAR
sysex data=(33,37,77,80,0,0,30,0,24,0,0,0,0,1,0,0,0,0,1,0,1,0,0,0,0,0,0,0,1,13,0,2,0,0,0,5,0,1,0,0,0,0,0,0,0,0,0,1,0,0,0,0,0,0,1,1,0,0,0,0) time=0
LIGADO - DESLIGADO
sysex data=(33,37,77,80,0,0,31,0,24,0,0,0,0,1,0,0,0,0,1,0,1,0,0,0,0,0,0,0,1,13,0,2,0,0,0,5,0,1,0,0,0,0,0,0,0,0,0,0,0,0,0,0,0,0,1,1,0,0,0,0) time=0

AO TROCAR O EFEITO COMP1 PARA SKREAMER
sysex data=(33,37,77,80,0,0,126,0,57,0,0,0,0,1,0,0,0,0,1,0,3,1,0,0,0,0,0,0,0,8,0,4,0,0,0,4,0,1,15,15,15,15,0,13,0,0,0,0,0,0,15,15,14,1,0,0,0,0,2,0,0,13,0,0,0,0,0,1,12,8,4,2,0,0,0,0,3,14,0,12,0,0,2,0,0,11,4,4,0,1,0,11,0,0,0,0,0,0,0,0,0,0,0,0,0,0,0,0,0,0,0,0,0,0,0,0,0,0,0,0,1,1,0,0,0,0) time=0
sysex data=(33,37,77,80,0,0,115,0,58,0,0,0,0,1,0,0,0,0,1,0,3,2,0,0,0,0,0,0,0,3,0,0,0,0,0,4,0,1,0,0,15,15,2,8,0,1,0,0,0,3,2,8,2,8,0,0,0,3,15,15,0,0,0,0,0,0,0,3,0,0,2,0,0,3,0,0,0,0,0,0,0,2,0,0,0,0,0,0,0,0,0,0,0,0,0,0,0,0,0,0,0,0,0,0,0,0,0,0,0,0,0,0,0,0,0,0,0,0,0,0,0,0,1,1,0,0,0,0) time=0

EFEITO CATEGORIA DRIVE - EFEITO SKREAMER
DESLIGADO - LIGADO
sysex data=(33,37,77,80,0,0,22,0,24,0,0,0,0,1,0,0,0,0,1,0,1,0,0,0,0,0,0,0,1,13,0,2,0,0,0,5,0,1,0,0,0,0,0,0,0,0,0,1,0,0,0,0,0,0,1,1,0,0,0,0) time=0
LIGADO - DESLIGADO
sysex data=(33,37,77,80,0,0,23,0,24,0,0,0,0,1,0,0,0,0,1,0,1,0,0,0,0,0,0,0,1,13,0,2,0,0,0,5,0,1,0,0,0,0,0,0,0,0,0,0,0,0,0,0,0,0,1,1,0,0,0,0) time=0



teste do bloco 2 do efx
dyn comp1
desligado para ligado
sysex data=(33,37,77,80,0,0,59,0,24,0,0,0,0,1,0,0,0,0,1,0,1,0,0,0,0,0,0,0,1,13,0,2,0,0,0,5,0,1,0,1,0,0,0,0,0,0,0,1,0,0,0,0,0,0,1,1,0,0,0,0) time=
ligado para desligado
sysex data=(33,37,77,80,0,0,58,0,24,0,0,0,0,1,0,0,0,0,1,0,1,0,0,0,0,0,0,0,1,13,0,2,0,0,0,5,0,1,0,1,0,0,0,0,0,0,0,0,0,0,0,0,0,0,1,1,0,0,0,0) time=0

mudei o efeito para drv - skreamer no bloco 2 e esta desligado
sysex data=(33,37,77,80,0,0,119,0,57,0,0,0,0,1,0,0,0,0,1,0,3,1,0,0,0,0,0,0,0,8,0,4,0,0,0,4,0,1,15,15,15,15,0,13,0,0,0,0,0,0,15,15,14,1,0,0,0,0,2,0,0,13,0,0,0,0,0,1,12,8,4,2,0,0,0,0,3,14,0,12,0,0,2,0,0,11,4,4,0,1,0,11,0,0,0,0,0,0,0,0,0,0,0,0,0,0,0,0,0,0,0,0,0,0,0,0,0,0,0,0,1,1,0,0,0,0) time=0
sysex data=(33,37,77,80,0,0,31,0,58,0,0,0,0,1,0,0,0,0,1,0,3,2,0,0,0,0,0,0,0,4,0,0,0,0,0,4,0,1,0,0,0,1,15,15,2,7,0,2,0,0,0,0,0,3,2,7,2,10,0,0,15,15,0,0,10,1,0,0,0,3,11,8,0,0,3,10,1,4,0,0,0,0,0,1,0,0,0,0,0,0,0,0,0,0,0,0,0,1,0,0,0,0,0,0,0,0,0,0,0,0,0,0,0,0,0,0,0,0,0,0,0,1,1,1,0,0,0,0) time=0

drv - skreamer bloco 2 efx
desligado - ligado 
sysex data=(33,37,77,80,0,0,82,0,24,0,0,0,0,1,0,0,0,0,1,0,1,0,0,0,0,0,0,0,1,13,0,2,0,0,0,5,0,1,0,1,0,0,0,0,0,0,0,1,0,0,0,0,0,0,1,1,0,0,0,0) time=0
ligado para desligado
sysex data=(33,37,77,80,0,0,83,0,24,0,0,0,0,1,0,0,0,0,1,0,1,0,0,0,0,0,0,0,1,13,0,2,0,0,0,5,0,1,0,1,0,0,0,0,0,0,0,0,0,0,0,0,0,0,1,1,0,0,0,0) time=0