esta em stomp, vamos mudar pra preset
sysex data=(33,37,77,80,0,0,30,0,20,0,0,0,0,1,0,0,0,0,1,1,0,12,0,0,0,0,0,0,1,9,0,0,5,2,0,0,0,0,0,0,0,0,0,0,0,0,1,1,0,0,0,0) time=0

preset - stomp
sysex data=(33,37,77,80,0,0,31,0,20,0,0,0,0,1,0,0,0,0,1,1,0,12,0,0,0,0,0,0,1,9,0,0,5,2,0,0,0,0,0,1,0,0,0,0,0,0,1,1,0,0,0,0) time=0

stomp - preset
sysex data=(33,37,77,80,0,0,30,0,20,0,0,0,0,1,0,0,0,0,1,1,0,12,0,0,0,0,0,0,1,9,0,0,5,2,0,0,0,0,0,0,0,0,0,0,0,0,1,1,0,0,0,0) time=0

preset - stomp
sysex data=(33,37,77,80,0,0,31,0,20,0,0,0,0,1,0,0,0,0,1,1,0,12,0,0,0,0,0,0,1,9,0,0,5,2,0,0,0,0,0,1,0,0,0,0,0,0,1,1,0,0,0,0) time=0