CLONE 1
LEN    : 126
EVENT  : 119
DATA8  : 57
DECODE : {'type': 'unknown', 'event': 119, 'length': 126, 'data8': 57}
RAW:
[33, 37, 77, 80, 0, 0, 119, 0, 57, 0, 0, 0, 0, 1, 0, 0, 0, 0, 1, 0, 3, 1, 0, 0, 0, 0, 0, 0, 0, 8, 0, 4, 0, 0, 0, 4, 0, 1, 15, 15, 15, 15, 0, 13, 0, 0, 0, 0, 0, 0, 15, 15, 14, 1, 0, 0, 0, 0, 2, 0, 0, 13, 0, 0, 0, 0, 0, 1, 12, 8, 4, 2, 0, 0, 0, 0, 3, 14, 0, 12, 0, 0, 2, 0, 0, 11, 4, 4, 0, 1, 0, 11, 0, 0, 0, 0, 0, 0, 0, 0, 0, 0, 0, 0, 0, 0, 0, 0, 0, 0, 0, 0, 0, 0, 0, 0, 0, 0, 0, 0, 1, 1, 0, 0, 0, 0]

================================================================================
LEN    : 128
EVENT  : 26
DATA8  : 58
DECODE : {'type': 'effect_model', 'category': 'UNKNOWN_CATEGORY_11', 'category_id': 11, 'effect_key': (0, 0), 'effect_name': None}
RAW:
[33, 37, 77, 80, 0, 0, 26, 0, 58, 0, 0, 0, 0, 1, 0, 0, 0, 0, 1, 0, 3, 2, 0, 0, 0, 0, 0, 0, 0, 3, 0, 0, 0, 0, 0, 4, 0, 1, 0, 0, 15, 15, 2, 8, 0, 1, 0, 0, 0, 11, 2, 8, 2, 8, 0, 0, 0, 3, 15, 15, 0, 0, 0, 0, 0, 0, 0, 15, 0, 0, 2, 0, 0, 3, 0, 0, 0, 0, 0, 0, 0, 2, 0, 0, 0, 0, 0, 0, 0, 0, 0, 0, 0, 0, 0, 0, 0, 1, 0, 0, 0, 0, 0, 0, 0, 0, 0, 0, 0, 0, 0, 0, 0, 0, 0, 0, 0, 0, 0, 0, 0, 0, 1, 1, 0, 0, 0, 0]

CLONE 2
LEN    : 126
EVENT  : 119
DATA8  : 57
DECODE : {'type': 'unknown', 'event': 119, 'length': 126, 'data8': 57}
RAW:
[33, 37, 77, 80, 0, 0, 119, 0, 57, 0, 0, 0, 0, 1, 0, 0, 0, 0, 1, 0, 3, 1, 0, 0, 0, 0, 0, 0, 0, 8, 0, 4, 0, 0, 0, 4, 0, 1, 15, 15, 15, 15, 0, 13, 0, 0, 0, 0, 0, 0, 15, 15, 14, 1, 0, 0, 0, 0, 2, 0, 0, 13, 0, 0, 0, 0, 0, 1, 12, 8, 4, 2, 0, 0, 0, 0, 3, 14, 0, 12, 0, 0, 2, 0, 0, 11, 4, 4, 0, 1, 0, 11, 0, 0, 0, 0, 0, 0, 0, 0, 0, 0, 0, 0, 0, 0, 0, 0, 0, 0, 0, 0, 0, 0, 0, 0, 0, 0, 0, 0, 1, 1, 0, 0, 0, 0]

================================================================================
LEN    : 128
EVENT  : 27
DATA8  : 58
DECODE : {'type': 'effect_model', 'category': 'UNKNOWN_CATEGORY_11', 'category_id': 11, 'effect_key': (0, 1), 'effect_name': None}
RAW:
[33, 37, 77, 80, 0, 0, 27, 0, 58, 0, 0, 0, 0, 1, 0, 0, 0, 0, 1, 0, 3, 2, 0, 0, 0, 0, 0, 0, 0, 3, 0, 0, 0, 0, 0, 4, 0, 1, 0, 0, 15, 15, 2, 8, 0, 1, 0, 0, 0, 11, 2, 8, 2, 8, 0, 0, 0, 3, 15, 15, 0, 1, 0, 0, 0, 0, 0, 15, 0, 0, 2, 0, 0, 3, 0, 0, 0, 0, 0, 0, 0, 2, 0, 0, 0, 0, 0, 0, 0, 0, 0, 0, 0, 0, 0, 0, 0, 1, 0, 0, 0, 0, 0, 0, 0, 0, 0, 0, 0, 0, 0, 0, 0, 0, 0, 0, 0, 0, 0, 0, 0, 0, 1, 1, 0, 0, 0, 0]


CLONE 3
====
LEN    : 126
EVENT  : 119
DATA8  : 57
DECODE : {'type': 'unknown', 'event': 119, 'length': 126, 'data8': 57}
RAW:
[33, 37, 77, 80, 0, 0, 119, 0, 57, 0, 0, 0, 0, 1, 0, 0, 0, 0, 1, 0, 3, 1, 0, 0, 0, 0, 0, 0, 0, 8, 0, 4, 0, 0, 0, 4, 0, 1, 15, 15, 15, 15, 0, 13, 0, 0, 0, 0, 0, 0, 15, 15, 14, 1, 0, 0, 0, 0, 2, 0, 0, 13, 0, 0, 0, 0, 0, 1, 12, 8, 4, 2, 0, 0, 0, 0, 3, 14, 0, 12, 0, 0, 2, 0, 0, 11, 4, 4, 0, 1, 0, 11, 0, 0, 0, 0, 0, 0, 0, 0, 0, 0, 0, 0, 0, 0, 0, 0, 0, 0, 0, 0, 0, 0, 0, 0, 0, 0, 0, 0, 1, 1, 0, 0, 0, 0]

================================================================================
LEN    : 128
EVENT  : 26
DATA8  : 58
DECODE : {'type': 'effect_model', 'category': 'UNKNOWN_CATEGORY_11', 'category_id': 11, 'effect_key': (0, 2), 'effect_name': None}
RAW:
[33, 37, 77, 80, 0, 0, 26, 0, 58, 0, 0, 0, 0, 1, 0, 0, 0, 0, 1, 0, 3, 2, 0, 0, 0, 0, 0, 0, 0, 3, 0, 0, 0, 0, 0, 4, 0, 1, 0, 0, 15, 15, 2, 8, 0, 1, 0, 0, 0, 11, 2, 8, 2, 8, 0, 0, 0, 3, 15, 15, 0, 2, 0, 0, 0, 0, 0, 15, 0, 0, 2, 0, 0, 3, 0, 0, 0, 0, 0, 0, 0, 2, 0, 0, 0, 0, 0, 0, 0, 0, 0, 0, 0, 0, 0, 0, 0, 1, 0, 0, 0, 0, 0, 0, 0, 0, 0, 0, 0, 0, 0, 0, 0, 0, 0, 0, 0, 0, 0, 0, 0, 0, 1, 1, 0, 0, 0, 0]
