twd deluxe
LEN    : 126
EVENT  : 119
DATA8  : 57
DECODE : {'type': 'unknown', 'event': 119, 'length': 126, 'data8': 57}
RAW:
[33, 37, 77, 80, 0, 0, 119, 0, 57, 0, 0, 0, 0, 1, 0, 0, 0, 0, 1, 0, 3, 1, 0, 0, 0, 0, 0, 0, 0, 8, 0, 4, 0, 0, 0, 4, 0, 1, 15, 15, 15, 15, 0, 13, 0, 0, 0, 0, 0, 0, 15, 15, 14, 1, 0, 0, 0, 0, 2, 0, 0, 13, 0, 0, 0, 0, 0, 1, 12, 8, 4, 2, 0, 0, 0, 0, 3, 14, 0, 12, 0, 0, 2, 0, 0, 11, 4, 4, 0, 1, 0, 11, 0, 0, 0, 0, 0, 0, 0, 0, 0, 0, 0, 0, 0, 0, 0, 0, 0, 0, 0, 0, 0, 0, 0, 0, 0, 0, 0, 0, 1, 1, 0, 0, 0, 0]

================================================================================
LEN    : 128
EVENT  : 122
DATA8  : 58
DECODE : {'type': 'effect_model', 'category': 'UNKNOWN_CATEGORY_4', 'category_id': 4, 'effect_key': (0, 1), 'effect_name': None}
RAW:
[33, 37, 77, 80, 0, 0, 122, 0, 58, 0, 0, 0, 0, 1, 0, 0, 0, 0, 1, 0, 3, 2, 0, 0, 0, 0, 0, 0, 0, 3, 0, 0, 0, 0, 0, 4, 0, 1, 0, 0, 15, 15, 2, 8, 0, 1, 0, 0, 0, 4, 2, 8, 2, 8, 0, 0, 0, 3, 15, 15, 0, 1, 0, 0, 0, 0, 0, 7, 0, 0, 2, 0, 0, 3, 0, 0, 0, 0, 0, 0, 0, 2, 0, 0, 0, 0, 0, 0, 0, 0, 0, 0, 0, 0, 0, 0, 0, 1, 0, 0, 0, 0, 0, 0, 0, 0, 0, 0, 0, 0, 0, 0, 0, 0, 0, 0, 0, 0, 0, 0, 0, 0, 1, 1, 0, 0, 0, 0]

b-man n
LEN    : 126
EVENT  : 119
DATA8  : 57
DECODE : {'type': 'unknown', 'event': 119, 'length': 126, 'data8': 57}
RAW:
[33, 37, 77, 80, 0, 0, 119, 0, 57, 0, 0, 0, 0, 1, 0, 0, 0, 0, 1, 0, 3, 1, 0, 0, 0, 0, 0, 0, 0, 8, 0, 4, 0, 0, 0, 4, 0, 1, 15, 15, 15, 15, 0, 13, 0, 0, 0, 0, 0, 0, 15, 15, 14, 1, 0, 0, 0, 0, 2, 0, 0, 13, 0, 0, 0, 0, 0, 1, 12, 8, 4, 2, 0, 0, 0, 0, 3, 14, 0, 12, 0, 0, 2, 0, 0, 11, 4, 4, 0, 1, 0, 11, 0, 0, 0, 0, 0, 0, 0, 0, 0, 0, 0, 0, 0, 0, 0, 0, 0, 0, 0, 0, 0, 0, 0, 0, 0, 0, 0, 0, 1, 1, 0, 0, 0, 0]

================================================================================
LEN    : 128
EVENT  : 126
DATA8  : 58
DECODE : {'type': 'effect_model', 'category': 'UNKNOWN_CATEGORY_4', 'category_id': 4, 'effect_key': (0, 3), 'effect_name': None}
RAW:
[33, 37, 77, 80, 0, 0, 126, 0, 58, 0, 0, 0, 0, 1, 0, 0, 0, 0, 1, 0, 3, 2, 0, 0, 0, 0, 0, 0, 0, 3, 0, 0, 0, 0, 0, 4, 0, 1, 0, 0, 15, 15, 2, 8, 0, 1, 0, 0, 0, 4, 2, 8, 2, 8, 0, 0, 0, 3, 15, 15, 0, 3, 0, 0, 0, 0, 0, 7, 0, 0, 2, 0, 0, 3, 0, 0, 0, 0, 0, 0, 0, 2, 0, 0, 0, 0, 0, 0, 0, 0, 0, 0, 0, 0, 0, 0, 0, 1, 0, 0, 0, 0, 0, 0, 0, 0, 0, 0, 0, 0, 0, 0, 0, 0, 0, 0, 0, 0, 0, 0, 0, 0, 1, 1, 0, 0, 0, 0]

b-man bri
LEN    : 126
EVENT  : 119
DATA8  : 57
DECODE : {'type': 'unknown', 'event': 119, 'length': 126, 'data8': 57}
RAW:
[33, 37, 77, 80, 0, 0, 119, 0, 57, 0, 0, 0, 0, 1, 0, 0, 0, 0, 1, 0, 3, 1, 0, 0, 0, 0, 0, 0, 0, 8, 0, 4, 0, 0, 0, 4, 0, 1, 15, 15, 15, 15, 0, 13, 0, 0, 0, 0, 0, 0, 15, 15, 14, 1, 0, 0, 0, 0, 2, 0, 0, 13, 0, 0, 0, 0, 0, 1, 12, 8, 4, 2, 0, 0, 0, 0, 3, 14, 0, 12, 0, 0, 2, 0, 0, 11, 4, 4, 0, 1, 0, 11, 0, 0, 0, 0, 0, 0, 0, 0, 0, 0, 0, 0, 0, 0, 0, 0, 0, 0, 0, 0, 0, 0, 0, 0, 0, 0, 0, 0, 1, 1, 0, 0, 0, 0]

================================================================================
LEN    : 128
EVENT  : 127
DATA8  : 58
DECODE : {'type': 'effect_model', 'category': 'UNKNOWN_CATEGORY_4', 'category_id': 4, 'effect_key': (2, 4), 'effect_name': None}
RAW:
[33, 37, 77, 80, 0, 0, 127, 0, 58, 0, 0, 0, 0, 1, 0, 0, 0, 0, 1, 0, 3, 2, 0, 0, 0, 0, 0, 0, 0, 3, 0, 0, 0, 0, 0, 4, 0, 1, 0, 0, 15, 15, 2, 8, 0, 1, 0, 0, 0, 4, 2, 8, 2, 8, 0, 0, 0, 3, 15, 15, 2, 4, 0, 0, 0, 0, 0, 7, 0, 0, 2, 0, 0, 3, 0, 0, 0, 0, 0, 0, 0, 2, 0, 0, 0, 0, 0, 0, 0, 0, 0, 0, 0, 0, 0, 0, 0, 1, 0, 0, 0, 0, 0, 0, 0, 0, 0, 0, 0, 0, 0, 0, 0, 0, 0, 0, 0, 0, 0, 0, 0, 0, 1, 1, 0, 0, 0, 0]




dragon cl b
LEN    : 126
EVENT  : 119
DATA8  : 57
DECODE : {'type': 'unknown', 'event': 119, 'length': 126, 'data8': 57}
RAW:
[33, 37, 77, 80, 0, 0, 119, 0, 57, 0, 0, 0, 0, 1, 0, 0, 0, 0, 1, 0, 3, 1, 0, 0, 0, 0, 0, 0, 0, 8, 0, 4, 0, 0, 0, 4, 0, 1, 15, 15, 15, 15, 0, 13, 0, 0, 0, 0, 0, 0, 15, 15, 14, 1, 0, 0, 0, 0, 2, 0, 0, 13, 0, 0, 0, 0, 0, 1, 12, 8, 4, 2, 0, 0, 0, 0, 3, 14, 0, 12, 0, 0, 2, 0, 0, 11, 4, 4, 0, 1, 0, 11, 0, 0, 0, 0, 0, 0, 0, 0, 0, 0, 0, 0, 0, 0, 0, 0, 0, 0, 0, 0, 0, 0, 0, 0, 0, 0, 0, 0, 1, 1, 0, 0, 0, 0]

================================================================================
LEN    : 128
EVENT  : 27
DATA8  : 58
DECODE : {'type': 'effect_model', 'category': 'AMP', 'category_id': 4, 'effect_key': (7, 11), 'effect_name': 'AC PREAMP2'}
RAW:
[33, 37, 77, 80, 0, 0, 27, 0, 58, 0, 0, 0, 0, 1, 0, 0, 0, 0, 1, 0, 3, 2, 0, 0, 0, 0, 0, 0, 0, 3, 0, 0, 0, 0, 0, 4, 0, 1, 0, 0, 15, 15, 2, 8, 0, 1, 0, 0, 0, 4, 2, 8, 2, 8, 0, 0, 0, 3, 15, 15, 7, 11, 0, 0, 0, 0, 0, 7, 0, 0, 2, 0, 0, 3, 0, 0, 0, 0, 0, 0, 0, 2, 0, 0, 0, 0, 0, 0, 0, 0, 0, 0, 0, 0, 0, 0, 0, 1, 0, 0, 0, 0, 0, 0, 0, 0, 0, 0, 0, 0, 0, 0, 0, 0, 0, 0, 0, 0, 0, 0, 0, 0, 1, 1, 0, 0, 0, 0]

ac preamp 2
====
LEN    : 126
EVENT  : 119
DATA8  : 57
DECODE : {'type': 'unknown', 'event': 119, 'length': 126, 'data8': 57}
RAW:
[33, 37, 77, 80, 0, 0, 119, 0, 57, 0, 0, 0, 0, 1, 0, 0, 0, 0, 1, 0, 3, 1, 0, 0, 0, 0, 0, 0, 0, 8, 0, 4, 0, 0, 0, 4, 0, 1, 15, 15, 15, 15, 0, 13, 0, 0, 0, 0, 0, 0, 15, 15, 14, 1, 0, 0, 0, 0, 2, 0, 0, 13, 0, 0, 0, 0, 0, 1, 12, 8, 4, 2, 0, 0, 0, 0, 3, 14, 0, 12, 0, 0, 2, 0, 0, 11, 4, 4, 0, 1, 0, 11, 0, 0, 0, 0, 0, 0, 0, 0, 0, 0, 0, 0, 0, 0, 0, 0, 0, 0, 0, 0, 0, 0, 0, 0, 0, 0, 0, 0, 1, 1, 0, 0, 0, 0]

================================================================================
LEN    : 128
EVENT  : 30
DATA8  : 58
DECODE : {'type': 'effect_model', 'category': 'AMP', 'category_id': 4, 'effect_key': (7, 11), 'effect_name': 'AC PREAMP2'}
RAW:
[33, 37, 77, 80, 0, 0, 30, 0, 58, 0, 0, 0, 0, 1, 0, 0, 0, 0, 1, 0, 3, 2, 0, 0, 0, 0, 0, 0, 0, 3, 0, 0, 0, 0, 0, 4, 0, 1, 0, 0, 15, 15, 2, 8, 0, 1, 0, 0, 0, 4, 2, 8, 2, 8, 0, 0, 0, 3, 15, 15, 7, 11, 0, 0, 0, 0, 0, 8, 0, 0, 2, 0, 0, 3, 0, 0, 0, 0, 0, 0, 0, 2, 0, 0, 0, 0, 0, 0, 0, 0, 0, 0, 0, 0, 0, 0, 0, 1, 0, 0, 0, 0, 0, 0, 0, 0, 0, 0, 0, 0, 0, 0, 0, 0, 0, 0, 0, 0, 0, 0, 0, 0, 1, 1, 0, 0, 0, 0]

voks bass
================================================================================
LEN    : 126
EVENT  : 119
DATA8  : 57
DECODE : {'type': 'unknown', 'event': 119, 'length': 126, 'data8': 57}
RAW:
[33, 37, 77, 80, 0, 0, 119, 0, 57, 0, 0, 0, 0, 1, 0, 0, 0, 0, 1, 0, 3, 1, 0, 0, 0, 0, 0, 0, 0, 8, 0, 4, 0, 0, 0, 4, 0, 1, 15, 15, 15, 15, 0, 13, 0, 0, 0, 0, 0, 0, 15, 15, 14, 1, 0, 0, 0, 0, 2, 0, 0, 13, 0, 0, 0, 0, 0, 1, 12, 8, 4, 2, 0, 0, 0, 0, 3, 14, 0, 12, 0, 0, 2, 0, 0, 11, 4, 4, 0, 1, 0, 11, 0, 0, 0, 0, 0, 0, 0, 0, 0, 0, 0, 0, 0, 0, 0, 0, 0, 0, 0, 0, 0, 0, 0, 0, 0, 0, 0, 0, 1, 1, 0, 0, 0, 0]

================================================================================
LEN    : 128
EVENT  : 23
DATA8  : 58
DECODE : {'type': 'effect_model', 'category': 'AMP', 'category_id': 4, 'effect_key': (7, 5), 'effect_name': 'A BASSFT'}
RAW:
[33, 37, 77, 80, 0, 0, 23, 0, 58, 0, 0, 0, 0, 1, 0, 0, 0, 0, 1, 0, 3, 2, 0, 0, 0, 0, 0, 0, 0, 3, 0, 0, 0, 0, 0, 4, 0, 1, 0, 0, 15, 15, 2, 8, 0, 1, 0, 0, 0, 4, 2, 8, 2, 8, 0, 0, 0, 3, 15, 15, 7, 5, 0, 0, 0, 0, 0, 7, 0, 0, 2, 0, 0, 3, 0, 0, 0, 0, 0, 0, 0, 2, 0, 0, 0, 0, 0, 0, 0, 0, 0, 0, 0, 0, 0, 0, 0, 1, 0, 0, 0, 0, 0, 0, 0, 0, 0, 0, 0, 0, 0, 0, 0, 0, 0, 0, 0, 0, 0, 0, 0, 0, 1, 1, 0, 0, 0, 0]

a bassft
===============================================================================
LEN    : 126
EVENT  : 119
DATA8  : 57
DECODE : {'type': 'unknown', 'event': 119, 'length': 126, 'data8': 57}
RAW:
[33, 37, 77, 80, 0, 0, 119, 0, 57, 0, 0, 0, 0, 1, 0, 0, 0, 0, 1, 0, 3, 1, 0, 0, 0, 0, 0, 0, 0, 8, 0, 4, 0, 0, 0, 4, 0, 1, 15, 15, 15, 15, 0, 13, 0, 0, 0, 0, 0, 0, 15, 15, 14, 1, 0, 0, 0, 0, 2, 0, 0, 13, 0, 0, 0, 0, 0, 1, 12, 8, 4, 2, 0, 0, 0, 0, 3, 14, 0, 12, 0, 0, 2, 0, 0, 11, 4, 4, 0, 1, 0, 11, 0, 0, 0, 0, 0, 0, 0, 0, 0, 0, 0, 0, 0, 0, 0, 0, 0, 0, 0, 0, 0, 0, 0, 0, 0, 0, 0, 0, 1, 1, 0, 0, 0, 0]

================================================================================
LEN    : 128
EVENT  : 22
DATA8  : 58
DECODE : {'type': 'effect_model', 'category': 'AMP', 'category_id': 4, 'effect_key': (7, 5), 'effect_name': 'A BASSFT'}
RAW:
[33, 37, 77, 80, 0, 0, 22, 0, 58, 0, 0, 0, 0, 1, 0, 0, 0, 0, 1, 0, 3, 2, 0, 0, 0, 0, 0, 0, 0, 3, 0, 0, 0, 0, 0, 4, 0, 1, 0, 0, 15, 15, 2, 8, 0, 1, 0, 0, 0, 4, 2, 8, 2, 8, 0, 0, 0, 3, 15, 15, 7, 5, 0, 0, 0, 0, 0, 8, 0, 0, 2, 0, 0, 3, 0, 0, 0, 0, 0, 0, 0, 2, 0, 0, 0, 0, 0, 0, 0, 0, 0, 0, 0, 0, 0, 0, 0, 1, 0, 0, 0, 0, 0, 0, 0, 0, 0, 0, 0, 0, 0, 0, 0, 0, 0, 0, 0, 0, 0, 0, 0, 0, 1, 1, 0, 0, 0, 0]


