FILTER 
LEN    : 126
EVENT  : 119
DATA8  : 57
DECODE : {'type': 'unknown', 'event': 119, 'length': 126, 'data8': 57}
RAW:
[33, 37, 77, 80, 0, 0, 119, 0, 57, 0, 0, 0, 0, 1, 0, 0, 0, 0, 1, 0, 3, 1, 0, 0, 0, 0, 0, 0, 0, 8, 0, 4, 0, 0, 0, 4, 0, 1, 15, 15, 15, 15, 0, 13, 0, 0, 0, 0, 0, 0, 15, 15, 14, 1, 0, 0, 0, 0, 2, 0, 0, 13, 0, 0, 0, 0, 0, 1, 12, 8, 4, 2, 0, 0, 0, 0, 3, 14, 0, 12, 0, 0, 2, 0, 0, 11, 4, 4, 0, 1, 0, 11, 0, 0, 0, 0, 0, 0, 0, 0, 0, 0, 0, 0, 0, 0, 0, 0, 0, 0, 0, 0, 0, 0, 0, 0, 0, 0, 0, 0, 1, 1, 0, 0, 0, 0]

================================================================================
LEN    : 128
EVENT  : 122
DATA8  : 58
DECODE : {'type': 'unknown', 'event': 122, 'length': 128, 'data8': 58}
RAW:
[33, 37, 77, 80, 0, 0, 122, 0, 58, 0, 0, 0, 0, 1, 0, 0, 0, 0, 1, 0, 3, 2, 0, 0, 0, 0, 0, 0, 0, 3, 0, 0, 0, 0, 0, 4, 0, 1, 0, 0, 15, 15, 2, 8, 0, 1, 0, 0, 0, 1, 2, 8, 2, 8, 0, 0, 0, 3, 15, 15, 1, 9, 0, 0, 0, 0, 0, 1, 0, 0, 2, 0, 0, 3, 0, 0, 0, 0, 0, 0, 0, 2, 0, 0, 0, 0, 0, 0, 0, 0, 0, 0, 0, 0, 0, 0, 0, 1, 0, 0, 0, 0, 0, 0, 0, 0, 0, 0, 0, 0, 0, 0, 0, 0, 0, 0, 0, 0, 0, 0, 0, 0, 1, 1, 0, 0, 0, 0]

FILTER PARA OCTAVER
LEN    : 126
EVENT  : 119
DATA8  : 57
DECODE : {'type': 'unknown', 'event': 119, 'length': 126, 'data8': 57}
RAW:
[33, 37, 77, 80, 0, 0, 119, 0, 57, 0, 0, 0, 0, 1, 0, 0, 0, 0, 1, 0, 3, 1, 0, 0, 0, 0, 0, 0, 0, 8, 0, 4, 0, 0, 0, 4, 0, 1, 15, 15, 15, 15, 0, 13, 0, 0, 0, 0, 0, 0, 15, 15, 14, 1, 0, 0, 0, 0, 2, 0, 0, 13, 0, 0, 0, 0, 0, 1, 12, 8, 4, 2, 0, 0, 0, 0, 3, 14, 0, 12, 0, 0, 2, 0, 0, 11, 4, 4, 0, 1, 0, 11, 0, 0, 0, 0, 0, 0, 0, 0, 0, 0, 0, 0, 0, 0, 0, 0, 0, 0, 0, 0, 0, 0, 0, 0, 0, 0, 0, 0, 1, 1, 0, 0, 0, 0]

================================================================================
LEN    : 128
EVENT  : 115
DATA8  : 58
DECODE : {'type': 'unknown', 'event': 115, 'length': 128, 'data8': 58}
RAW:
[33, 37, 77, 80, 0, 0, 115, 0, 58, 0, 0, 0, 0, 1, 0, 0, 0, 0, 1, 0, 3, 2, 0, 0, 0, 0, 0, 0, 0, 3, 0, 0, 0, 0, 0, 4, 0, 1, 0, 0, 15, 15, 2, 8, 0, 1, 0, 0, 0, 1, 2, 8, 2, 8, 0, 0, 0, 3, 15, 15, 2, 1, 0, 0, 0, 0, 0, 1, 0, 0, 2, 0, 0, 3, 0, 0, 0, 0, 0, 0, 0, 2, 0, 0, 0, 0, 0, 0, 0, 0, 0, 0, 0, 0, 0, 0, 0, 1, 0, 0, 0, 0, 0, 0, 0, 0, 0, 0, 0, 0, 0, 0, 0, 0, 0, 0, 0, 0, 0, 0, 0, 0, 1, 1, 0, 0, 0, 0]

OCTAVER PARA DUAL MELODY
LEN    : 126
EVENT  : 119
DATA8  : 57
DECODE : {'type': 'unknown', 'event': 119, 'length': 126, 'data8': 57}
RAW:
[33, 37, 77, 80, 0, 0, 119, 0, 57, 0, 0, 0, 0, 1, 0, 0, 0, 0, 1, 0, 3, 1, 0, 0, 0, 0, 0, 0, 0, 8, 0, 4, 0, 0, 0, 4, 0, 1, 15, 15, 15, 15, 0, 13, 0, 0, 0, 0, 0, 0, 15, 15, 14, 1, 0, 0, 0, 0, 2, 0, 0, 13, 0, 0, 0, 0, 0, 1, 12, 8, 4, 2, 0, 0, 0, 0, 3, 14, 0, 12, 0, 0, 2, 0, 0, 11, 4, 4, 0, 1, 0, 11, 0, 0, 0, 0, 0, 0, 0, 0, 0, 0, 0, 0, 0, 0, 0, 0, 0, 0, 0, 0, 0, 0, 0, 0, 0, 0, 0, 0, 1, 1, 0, 0, 0, 0]

================================================================================
LEN    : 128
EVENT  : 119
DATA8  : 58
DECODE : {'type': 'unknown', 'event': 119, 'length': 128, 'data8': 58}
RAW:
[33, 37, 77, 80, 0, 0, 119, 0, 58, 0, 0, 0, 0, 1, 0, 0, 0, 0, 1, 0, 3, 2, 0, 0, 0, 0, 0, 0, 0, 3, 0, 0, 0, 0, 0, 4, 0, 1, 0, 0, 15, 15, 2, 8, 0, 1, 0, 0, 0, 1, 2, 8, 2, 8, 0, 0, 0, 3, 15, 15, 2, 3, 0, 0, 0, 0, 0, 1, 0, 0, 2, 0, 0, 3, 0, 0, 0, 0, 0, 0, 0, 2, 0, 0, 0, 0, 0, 0, 0, 0, 0, 0, 0, 0, 0, 0, 0, 1, 0, 0, 0, 0, 0, 0, 0, 0, 0, 0, 0, 0, 0, 0, 0, 0, 0, 0, 0, 0, 0, 0, 0, 0, 1, 1, 0, 0, 0, 0]

DUAL MELODY PARA PITCH
LEN    : 126
EVENT  : 119
DATA8  : 57
DECODE : {'type': 'unknown', 'event': 119, 'length': 126, 'data8': 57}
RAW:
[33, 37, 77, 80, 0, 0, 119, 0, 57, 0, 0, 0, 0, 1, 0, 0, 0, 0, 1, 0, 3, 1, 0, 0, 0, 0, 0, 0, 0, 8, 0, 4, 0, 0, 0, 4, 0, 1, 15, 15, 15, 15, 0, 13, 0, 0, 0, 0, 0, 0, 15, 15, 14, 1, 0, 0, 0, 0, 2, 0, 0, 13, 0, 0, 0, 0, 0, 1, 12, 8, 4, 2, 0, 0, 0, 0, 3, 14, 0, 12, 0, 0, 2, 0, 0, 11, 4, 4, 0, 1, 0, 11, 0, 0, 0, 0, 0, 0, 0, 0, 0, 0, 0, 0, 0, 0, 0, 0, 0, 0, 0, 0, 0, 0, 0, 0, 0, 0, 0, 0, 1, 1, 0, 0, 0, 0]

================================================================================
LEN    : 128
EVENT  : 118
DATA8  : 58
DECODE : {'type': 'unknown', 'event': 118, 'length': 128, 'data8': 58}
RAW:
[33, 37, 77, 80, 0, 0, 118, 0, 58, 0, 0, 0, 0, 1, 0, 0, 0, 0, 1, 0, 3, 2, 0, 0, 0, 0, 0, 0, 0, 3, 0, 0, 0, 0, 0, 4, 0, 1, 0, 0, 15, 15, 2, 8, 0, 1, 0, 0, 0, 1, 2, 8, 2, 8, 0, 0, 0, 3, 15, 15, 2, 4, 0, 0, 0, 0, 0, 1, 0, 0, 2, 0, 0, 3, 0, 0, 0, 0, 0, 0, 0, 2, 0, 0, 0, 0, 0, 0, 0, 0, 0, 0, 0, 0, 0, 0, 0, 1, 0, 0, 0, 0, 0, 0, 0, 0, 0, 0, 0, 0, 0, 0, 0, 0, 0, 0, 0, 0, 0, 0, 0, 0, 1, 1, 0, 0, 0, 0]

PITCH PARA HARMONY D
LEN    : 126
EVENT  : 119
DATA8  : 57
DECODE : {'type': 'unknown', 'event': 119, 'length': 126, 'data8': 57}
RAW:
[33, 37, 77, 80, 0, 0, 119, 0, 57, 0, 0, 0, 0, 1, 0, 0, 0, 0, 1, 0, 3, 1, 0, 0, 0, 0, 0, 0, 0, 8, 0, 4, 0, 0, 0, 4, 0, 1, 15, 15, 15, 15, 0, 13, 0, 0, 0, 0, 0, 0, 15, 15, 14, 1, 0, 0, 0, 0, 2, 0, 0, 13, 0, 0, 0, 0, 0, 1, 12, 8, 4, 2, 0, 0, 0, 0, 3, 14, 0, 12, 0, 0, 2, 0, 0, 11, 4, 4, 0, 1, 0, 11, 0, 0, 0, 0, 0, 0, 0, 0, 0, 0, 0, 0, 0, 0, 0, 0, 0, 0, 0, 0, 0, 0, 0, 0, 0, 0, 0, 0, 1, 1, 0, 0, 0, 0]

================================================================================
LEN    : 128
EVENT  : 18
DATA8  : 58
DECODE : {'type': 'unknown', 'event': 18, 'length': 128, 'data8': 58}
RAW:
[33, 37, 77, 80, 0, 0, 18, 0, 58, 0, 0, 0, 0, 1, 0, 0, 0, 0, 1, 0, 3, 2, 0, 0, 0, 0, 0, 0, 0, 3, 0, 0, 0, 0, 0, 4, 0, 1, 0, 0, 15, 15, 2, 8, 0, 1, 0, 0, 0, 1, 2, 8, 2, 8, 0, 0, 0, 3, 15, 15, 4, 14, 0, 0, 0, 0, 0, 1, 0, 0, 2, 0, 0, 3, 0, 0, 0, 0, 0, 0, 0, 2, 0, 0, 0, 0, 0, 0, 0, 0, 0, 0, 0, 0, 0, 0, 0, 1, 0, 0, 0, 0, 0, 0, 0, 0, 0, 0, 0, 0, 0, 0, 0, 0, 0, 0, 0, 0, 0, 0, 0, 0, 1, 1, 0, 0, 0, 0]

Harmony D para pitch S
LEN    : 126
EVENT  : 119
DATA8  : 57
DECODE : {'type': 'unknown', 'event': 119, 'length': 126, 'data8': 57}
RAW:
[33, 37, 77, 80, 0, 0, 119, 0, 57, 0, 0, 0, 0, 1, 0, 0, 0, 0, 1, 0, 3, 1, 0, 0, 0, 0, 0, 0, 0, 8, 0, 4, 0, 0, 0, 4, 0, 1, 15, 15, 15, 15, 0, 13, 0, 0, 0, 0, 0, 0, 15, 15, 14, 1, 0, 0, 0, 0, 2, 0, 0, 13, 0, 0, 0, 0, 0, 1, 12, 8, 4, 2, 0, 0, 0, 0, 3, 14, 0, 12, 0, 0, 2, 0, 0, 11, 4, 4, 0, 1, 0, 11, 0, 0, 0, 0, 0, 0, 0, 0, 0, 0, 0, 0, 0, 0, 0, 0, 0, 0, 0, 0, 0, 0, 0, 0, 0, 0, 0, 0, 1, 1, 0, 0, 0, 0]

================================================================================
LEN    : 128
EVENT  : 122
DATA8  : 58
DECODE : {'type': 'effect_model', 'category': 'FREQ', 'effect_key': (5, 5), 'effect_name': None}
RAW:
[33, 37, 77, 80, 0, 0, 122, 0, 58, 0, 0, 0, 0, 1, 0, 0, 0, 0, 1, 0, 3, 2, 0, 0, 0, 0, 0, 0, 0, 3, 0, 0, 0, 0, 0, 4, 0, 1, 0, 0, 15, 15, 2, 8, 0, 1, 0, 0, 0, 1, 2, 8, 2, 8, 0, 0, 0, 3, 15, 15, 5, 5, 0, 0, 0, 0, 0, 1, 0, 0, 2, 0, 0, 3, 0, 0, 0, 0, 0, 0, 0, 2, 0, 0, 0, 0, 0, 0, 0, 0, 0, 0, 0, 0, 0, 0, 0, 1, 0, 0, 0, 0, 0, 0, 0, 0, 0, 0, 0, 0, 0, 0, 0, 0, 0, 0, 0, 0, 0, 0, 0, 0, 1, 1, 0, 0, 0, 0]

putch s para ring mod
LEN    : 126
EVENT  : 119
DATA8  : 57
DECODE : {'type': 'unknown', 'event': 119, 'length': 126, 'data8': 57}
RAW:
[33, 37, 77, 80, 0, 0, 119, 0, 57, 0, 0, 0, 0, 1, 0, 0, 0, 0, 1, 0, 3, 1, 0, 0, 0, 0, 0, 0, 0, 8, 0, 4, 0, 0, 0, 4, 0, 1, 15, 15, 15, 15, 0, 13, 0, 0, 0, 0, 0, 0, 15, 15, 14, 1, 0, 0, 0, 0, 2, 0, 0, 13, 0, 0, 0, 0, 0, 1, 12, 8, 4, 2, 0, 0, 0, 0, 3, 14, 0, 12, 0, 0, 2, 0, 0, 11, 4, 4, 0, 1, 0, 11, 0, 0, 0, 0, 0, 0, 0, 0, 0, 0, 0, 0, 0, 0, 0, 0, 0, 0, 0, 0, 0, 0, 0, 0, 0, 0, 0, 0, 1, 1, 0, 0, 0, 0]

================================================================================
LEN    : 128
EVENT  : 19
DATA8  : 58
DECODE : {'type': 'effect_model', 'category': 'FREQ', 'effect_key': (2, 15), 'effect_name': None}
RAW:
[33, 37, 77, 80, 0, 0, 19, 0, 58, 0, 0, 0, 0, 1, 0, 0, 0, 0, 1, 0, 3, 2, 0, 0, 0, 0, 0, 0, 0, 3, 0, 0, 0, 0, 0, 4, 0, 1, 0, 0, 15, 15, 2, 8, 0, 1, 0, 0, 0, 1, 2, 8, 2, 8, 0, 0, 0, 3, 15, 15, 2, 15, 0, 0, 0, 0, 0, 1, 0, 0, 2, 0, 0, 3, 0, 0, 0, 0, 0, 0, 0, 2, 0, 0, 0, 0, 0, 0, 0, 0, 0, 0, 0, 0, 0, 0, 0, 1, 0, 0, 0, 0, 0, 0, 0, 0, 0, 0, 0, 0, 0, 0, 0, 0, 0, 0, 0, 0, 0, 0, 0, 0, 1, 1, 0, 0, 0, 0]


ring mod para tape mod
LEN    : 126
EVENT  : 119
DATA8  : 57
DECODE : {'type': 'unknown', 'event': 119, 'length': 126, 'data8': 57}
RAW:
[33, 37, 77, 80, 0, 0, 119, 0, 57, 0, 0, 0, 0, 1, 0, 0, 0, 0, 1, 0, 3, 1, 0, 0, 0, 0, 0, 0, 0, 8, 0, 4, 0, 0, 0, 4, 0, 1, 15, 15, 15, 15, 0, 13, 0, 0, 0, 0, 0, 0, 15, 15, 14, 1, 0, 0, 0, 0, 2, 0, 0, 13, 0, 0, 0, 0, 0, 1, 12, 8, 4, 2, 0, 0, 0, 0, 3, 14, 0, 12, 0, 0, 2, 0, 0, 11, 4, 4, 0, 1, 0, 11, 0, 0, 0, 0, 0, 0, 0, 0, 0, 0, 0, 0, 0, 0, 0, 0, 0, 0, 0, 0, 0, 0, 0, 0, 0, 0, 0, 0, 1, 1, 0, 0, 0, 0]

================================================================================
LEN    : 128
EVENT  : 118
DATA8  : 58
DECODE : {'type': 'effect_model', 'category': 'FREQ', 'effect_key': (3, 3), 'effect_name': None}
RAW:
[33, 37, 77, 80, 0, 0, 118, 0, 58, 0, 0, 0, 0, 1, 0, 0, 0, 0, 1, 0, 3, 2, 0, 0, 0, 0, 0, 0, 0, 3, 0, 0, 0, 0, 0, 4, 0, 1, 0, 0, 15, 15, 2, 8, 0, 1, 0, 0, 0, 1, 2, 8, 2, 8, 0, 0, 0, 3, 15, 15, 3, 3, 0, 0, 0, 0, 0, 1, 0, 0, 2, 0, 0, 3, 0, 0, 0, 0, 0, 0, 0, 2, 0, 0, 0, 0, 0, 0, 0, 0, 0, 0, 0, 0, 0, 0, 0, 1, 0, 0, 0, 0, 0, 0, 0, 0, 0, 0, 0, 0, 0, 0, 0, 0, 0, 0, 0, 0, 0, 0, 0, 0, 1, 1, 0, 0, 0, 0]


