vox wah
LEN    : 126
EVENT  : 119
DATA8  : 57
DECODE : {'type': 'unknown', 'event': 119, 'length': 126, 'data8': 57}
RAW:
[33, 37, 77, 80, 0, 0, 119, 0, 57, 0, 0, 0, 0, 1, 0, 0, 0, 0, 1, 0, 3, 1, 0, 0, 0, 0, 0, 0, 0, 8, 0, 4, 0, 0, 0, 4, 0, 1, 15, 15, 15, 15, 0, 13, 0, 0, 0, 0, 0, 0, 15, 15, 14, 1, 0, 0, 0, 0, 2, 0, 0, 13, 0, 0, 0, 0, 0, 1, 12, 8, 4, 2, 0, 0, 0, 0, 3, 14, 0, 12, 0, 0, 2, 0, 0, 11, 4, 4, 0, 1, 0, 11, 0, 0, 0, 0, 0, 0, 0, 0, 0, 0, 0, 0, 0, 0, 0, 0, 0, 0, 0, 0, 0, 0, 0, 0, 0, 0, 0, 0, 1, 1, 0, 0, 0, 0]

================================================================================
LEN    : 128
EVENT  : 118
DATA8  : 58
DECODE : {'type': 'effect_model', 'category': 'FREQ', 'effect_key': (0, 1), 'effect_name': None}
RAW:
[33, 37, 77, 80, 0, 0, 118, 0, 58, 0, 0, 0, 0, 1, 0, 0, 0, 0, 1, 0, 3, 2, 0, 0, 0, 0, 0, 0, 0, 3, 0, 0, 0, 0, 0, 4, 0, 1, 0, 0, 15, 15, 2, 8, 0, 1, 0, 0, 0, 2, 2, 8, 2, 8, 0, 0, 0, 3, 15, 15, 0, 1, 0, 0, 0, 0, 0, 5, 0, 0, 2, 0, 0, 3, 0, 0, 0, 0, 0, 0, 0, 2, 0, 0, 0, 0, 0, 0, 0, 0, 0, 0, 0, 0, 0, 0, 0, 1, 0, 0, 0, 0, 0, 0, 0, 0, 0, 0, 0, 0, 0, 0, 0, 0, 0, 0, 0, 0, 0, 0, 0, 0, 1, 1, 0, 0, 0, 0]

vox wah para cry wah
LEN    : 126
EVENT  : 119
DATA8  : 57
DECODE : {'type': 'unknown', 'event': 119, 'length': 126, 'data8': 57}
RAW:
[33, 37, 77, 80, 0, 0, 119, 0, 57, 0, 0, 0, 0, 1, 0, 0, 0, 0, 1, 0, 3, 1, 0, 0, 0, 0, 0, 0, 0, 8, 0, 4, 0, 0, 0, 4, 0, 1, 15, 15, 15, 15, 0, 13, 0, 0, 0, 0, 0, 0, 15, 15, 14, 1, 0, 0, 0, 0, 2, 0, 0, 13, 0, 0, 0, 0, 0, 1, 12, 8, 4, 2, 0, 0, 0, 0, 3, 14, 0, 12, 0, 0, 2, 0, 0, 11, 4, 4, 0, 1, 0, 11, 0, 0, 0, 0, 0, 0, 0, 0, 0, 0, 0, 0, 0, 0, 0, 0, 0, 0, 0, 0, 0, 0, 0, 0, 0, 0, 0, 0, 1, 1, 0, 0, 0, 0]

================================================================================
LEN    : 128
EVENT  : 127
DATA8  : 58
DECODE : {'type': 'effect_model', 'category': 'FREQ', 'effect_key': (0, 8), 'effect_name': None}
RAW:
[33, 37, 77, 80, 0, 0, 127, 0, 58, 0, 0, 0, 0, 1, 0, 0, 0, 0, 1, 0, 3, 2, 0, 0, 0, 0, 0, 0, 0, 3, 0, 0, 0, 0, 0, 4, 0, 1, 0, 0, 15, 15, 2, 8, 0, 1, 0, 0, 0, 2, 2, 8, 2, 8, 0, 0, 0, 3, 15, 15, 0, 8, 0, 0, 0, 0, 0, 5, 0, 0, 2, 0, 0, 3, 0, 0, 0, 0, 0, 0, 0, 2, 0, 0, 0, 0, 0, 0, 0, 0, 0, 0, 0, 0, 0, 0, 0, 1, 0, 0, 0, 0, 0, 0, 0, 0, 0, 0, 0, 0, 0, 0, 0, 0, 0, 0, 0, 0, 0, 0, 0, 0, 1, 1, 0, 0, 0, 0]

cry wah para rack wah
LEN    : 126
EVENT  : 119
DATA8  : 57
DECODE : {'type': 'unknown', 'event': 119, 'length': 126, 'data8': 57}
RAW:
[33, 37, 77, 80, 0, 0, 119, 0, 57, 0, 0, 0, 0, 1, 0, 0, 0, 0, 1, 0, 3, 1, 0, 0, 0, 0, 0, 0, 0, 8, 0, 4, 0, 0, 0, 4, 0, 1, 15, 15, 15, 15, 0, 13, 0, 0, 0, 0, 0, 0, 15, 15, 14, 1, 0, 0, 0, 0, 2, 0, 0, 13, 0, 0, 0, 0, 0, 1, 12, 8, 4, 2, 0, 0, 0, 0, 3, 14, 0, 12, 0, 0, 2, 0, 0, 11, 4, 4, 0, 1, 0, 11, 0, 0, 0, 0, 0, 0, 0, 0, 0, 0, 0, 0, 0, 0, 0, 0, 0, 0, 0, 0, 0, 0, 0, 0, 0, 0, 0, 0, 1, 1, 0, 0, 0, 0]

================================================================================
LEN    : 128
EVENT  : 127
DATA8  : 58
DECODE : {'type': 'effect_model', 'category': 'FREQ', 'effect_key': (0, 10), 'effect_name': None}
RAW:
[33, 37, 77, 80, 0, 0, 127, 0, 58, 0, 0, 0, 0, 1, 0, 0, 0, 0, 1, 0, 3, 2, 0, 0, 0, 0, 0, 0, 0, 3, 0, 0, 0, 0, 0, 4, 0, 1, 0, 0, 15, 15, 2, 8, 0, 1, 0, 0, 0, 2, 2, 8, 2, 8, 0, 0, 0, 3, 15, 15, 0, 10, 0, 0, 0, 0, 0, 5, 0, 0, 2, 0, 0, 3, 0, 0, 0, 0, 0, 0, 0, 2, 0, 0, 0, 0, 0, 0, 0, 0, 0, 0, 0, 0, 0, 0, 0, 1, 0, 0, 0, 0, 0, 0, 0, 0, 0, 0, 0, 0, 0, 0, 0, 0, 0, 0, 0, 0, 0, 0, 0, 0, 1, 1, 0, 0, 0, 0]

rack wah para bass wah
LEN    : 126
EVENT  : 119
DATA8  : 57
DECODE : {'type': 'unknown', 'event': 119, 'length': 126, 'data8': 57}
RAW:
[33, 37, 77, 80, 0, 0, 119, 0, 57, 0, 0, 0, 0, 1, 0, 0, 0, 0, 1, 0, 3, 1, 0, 0, 0, 0, 0, 0, 0, 8, 0, 4, 0, 0, 0, 4, 0, 1, 15, 15, 15, 15, 0, 13, 0, 0, 0, 0, 0, 0, 15, 15, 14, 1, 0, 0, 0, 0, 2, 0, 0, 13, 0, 0, 0, 0, 0, 1, 12, 8, 4, 2, 0, 0, 0, 0, 3, 14, 0, 12, 0, 0, 2, 0, 0, 11, 4, 4, 0, 1, 0, 11, 0, 0, 0, 0, 0, 0, 0, 0, 0, 0, 0, 0, 0, 0, 0, 0, 0, 0, 0, 0, 0, 0, 0, 0, 0, 0, 0, 0, 1, 1, 0, 0, 0, 0]

================================================================================
LEN    : 128
EVENT  : 126
DATA8  : 58
DECODE : {'type': 'effect_model', 'category': 'FREQ', 'effect_key': (0, 7), 'effect_name': None}
RAW:
[33, 37, 77, 80, 0, 0, 126, 0, 58, 0, 0, 0, 0, 1, 0, 0, 0, 0, 1, 0, 3, 2, 0, 0, 0, 0, 0, 0, 0, 3, 0, 0, 0, 0, 0, 4, 0, 1, 0, 0, 15, 15, 2, 8, 0, 1, 0, 0, 0, 2, 2, 8, 2, 8, 0, 0, 0, 3, 15, 15, 0, 7, 0, 0, 0, 0, 0, 5, 0, 0, 2, 0, 0, 3, 0, 0, 0, 0, 0, 0, 0, 2, 0, 0, 0, 0, 0, 0, 0, 0, 0, 0, 0, 0, 0, 0, 0, 1, 0, 0, 0, 0, 0, 0, 0, 0, 0, 0, 0, 0, 0, 0, 0, 0, 0, 0, 0, 0, 0, 0, 0, 0, 1, 1, 0, 0, 0, 0]

bass wah para touch wah
LEN    : 126
EVENT  : 119
DATA8  : 57
DECODE : {'type': 'unknown', 'event': 119, 'length': 126, 'data8': 57}
RAW:
[33, 37, 77, 80, 0, 0, 119, 0, 57, 0, 0, 0, 0, 1, 0, 0, 0, 0, 1, 0, 3, 1, 0, 0, 0, 0, 0, 0, 0, 8, 0, 4, 0, 0, 0, 4, 0, 1, 15, 15, 15, 15, 0, 13, 0, 0, 0, 0, 0, 0, 15, 15, 14, 1, 0, 0, 0, 0, 2, 0, 0, 13, 0, 0, 0, 0, 0, 1, 12, 8, 4, 2, 0, 0, 0, 0, 3, 14, 0, 12, 0, 0, 2, 0, 0, 11, 4, 4, 0, 1, 0, 11, 0, 0, 0, 0, 0, 0, 0, 0, 0, 0, 0, 0, 0, 0, 0, 0, 0, 0, 0, 0, 0, 0, 0, 0, 0, 0, 0, 0, 1, 1, 0, 0, 0, 0]

================================================================================
LEN    : 128
EVENT  : 18
DATA8  : 58
DECODE : {'type': 'effect_model', 'category': 'FREQ', 'effect_key': (0, 15), 'effect_name': None}
RAW:
[33, 37, 77, 80, 0, 0, 18, 0, 58, 0, 0, 0, 0, 1, 0, 0, 0, 0, 1, 0, 3, 2, 0, 0, 0, 0, 0, 0, 0, 3, 0, 0, 0, 0, 0, 4, 0, 1, 0, 0, 15, 15, 2, 8, 0, 1, 0, 0, 0, 2, 2, 8, 2, 8, 0, 0, 0, 3, 15, 15, 0, 15, 0, 0, 0, 0, 0, 1, 0, 0, 2, 0, 0, 3, 0, 0, 0, 0, 0, 0, 0, 2, 0, 0, 0, 0, 0, 0, 0, 0, 0, 0, 0, 0, 0, 0, 0, 1, 0, 0, 0, 0, 0, 0, 0, 0, 0, 0, 0, 0, 0, 0, 0, 0, 0, 0, 0, 0, 0, 0, 0, 0, 1, 1, 0, 0, 0, 0]

touch wah - auto wah
LEN    : 126
EVENT  : 119
DATA8  : 57
DECODE : {'type': 'unknown', 'event': 119, 'length': 126, 'data8': 57}
RAW:
[33, 37, 77, 80, 0, 0, 119, 0, 57, 0, 0, 0, 0, 1, 0, 0, 0, 0, 1, 0, 3, 1, 0, 0, 0, 0, 0, 0, 0, 8, 0, 4, 0, 0, 0, 4, 0, 1, 15, 15, 15, 15, 0, 13, 0, 0, 0, 0, 0, 0, 15, 15, 14, 1, 0, 0, 0, 0, 2, 0, 0, 13, 0, 0, 0, 0, 0, 1, 12, 8, 4, 2, 0, 0, 0, 0, 3, 14, 0, 12, 0, 0, 2, 0, 0, 11, 4, 4, 0, 1, 0, 11, 0, 0, 0, 0, 0, 0, 0, 0, 0, 0, 0, 0, 0, 0, 0, 0, 0, 0, 0, 0, 0, 0, 0, 0, 0, 0, 0, 0, 1, 1, 0, 0, 0, 0]

================================================================================
LEN    : 128
EVENT  : 119
DATA8  : 58
DECODE : {'type': 'effect_model', 'category': 'FREQ', 'effect_key': (1, 5), 'effect_name': None}
RAW:
[33, 37, 77, 80, 0, 0, 119, 0, 58, 0, 0, 0, 0, 1, 0, 0, 0, 0, 1, 0, 3, 2, 0, 0, 0, 0, 0, 0, 0, 3, 0, 0, 0, 0, 0, 4, 0, 1, 0, 0, 15, 15, 2, 8, 0, 1, 0, 0, 0, 2, 2, 8, 2, 8, 0, 0, 0, 3, 15, 15, 1, 5, 0, 0, 0, 0, 0, 1, 0, 0, 2, 0, 0, 3, 0, 0, 0, 0, 0, 0, 0, 2, 0, 0, 0, 0, 0, 0, 0, 0, 0, 0, 0, 0, 0, 0, 0, 1, 0, 0, 0, 0, 0, 0, 0, 0, 0, 0, 0, 0, 0, 0, 0, 0, 0, 0, 0, 0, 0, 0, 0, 0, 1, 1, 0, 0, 0, 0]

